-38 45 36 -60 -92 7 27 6 -64 73 70 -31 26 14 -43 92 -97 94 14 -28 12 -33 73 93 -74 65 83 -96 -27 -5 -91 21 23 -8 54 53 -7 3 28 97 -51 44 -49 74 -76 89 41 14 10 18 35 -9 25 36 -36 -62 -88 -59 85 -86 71 33 -55 -32 27 24 -76 -51 22 -82 35 -91 -78 -18 64 -25 25 -8 -61 -3 -42 -99 -44 7 -88 -11 -10 -75 -78 24 -11 6 -30 24 63 95 26 16 77 -3
-13 17 88 -1 50 45 -91 -33 5 -86 -50 19 69 -47 -58 61 -81 93 74 -28 6 22 27 94 33 45 46 83 -91 -71 -77 -22 39 77 -57 -84 -88 -38 -45 6 77 -57 -11 -56 -88 -85 14 -56 80 49 85 -83 -86 26 98 68 -17 -13 -16 57 -29 -87 17 -46 -80 91 -46 -19 10 99 -2 13 40 -63 -85 -47 -100 -97 -48 98 -93 -31 -35 18 -63 -20 29 -78 99 -100 -86 8 -47 -15 19 -47 48 19 76 -32
-39 -14 37 -59 -11 -59 -74 -65 -62 -53 -83 -24 95 -77 -86 -31 -11 -56 -90 -86 -3 70 81 -57 64 -60 -2 35 80 -7 -54 12 43 36 72 72 40 -16 81 86 -64 -93 -4 -58 51 12 -72 -14 100 13 32 1 32 -98 -93 27 -45 -13 78 -55 27 -99 -83 31 72 30 -52 77 16 -95 31 46 -32 54 -14 91 62 -54 21 78 -54 78 -60 45 -28 34 40 -76 -93 -67 -6 -84 40 -71 28 -92 -71 92 53 -59
-87 96 28 -13 20 45 -2 -18 -39 -67 87 62 -53 5 -81 10 -20 40 9 -41 92 26 -10 42 -7 71 -35 97 -12 -66 -67 98 26 -100 -29 72 34 -38 -7 -38 -24 -40 -41 75 80 -83 -58 83 -69 -99 80 15 77 -47 -56 -99 -8 -86 -49 -48 -66 79 -9 -45 -73 -28 -67 -59 -53 60 57 23 -97 -33 -18 -79 18 -14 35 91 3 -63 -71 -32 -97 100 32 82 8 65 -59 32 64 -39 -47 -92 93 16 -8 85
-59 1 -44 -11 45 76 -2 -22 -35 -59 -58 -76 55 91 -73 77 41 36 -86 39 25 -71 -14 -90 -53 67 -68 -81 77 17 -12 -53 7 -34 55 100 -97 40 86 -47 -68 -28 55 -1 87 42 -39 -1 18 14 -48 4 -26 39 14 -8 100 21 33 -88 -47 -17 7 -95 30 17 -43 -33 -84 -45 80 -64 -7 38 70 -17 -82 29 -63 -95 52 10 49 -82 47 30 55 88 99 25 16 16 -35 73 60 96 -48 -44 48 97
-91 -46 55 -42 22 81 47 65 -83 52 -38 68 -99 -73 -73 38 -65 -15 -25 -84 71 -7 -1 -65 32 -69 90 -51 77 8 -14 81 29 -73 -67 -93 -4 46 100 -85 25 43 -94 -86 34 -50 -77 -53 38 -9 -32 -83 -43 -66 69 -36 -69 61 83 7 -14 -21 7 69 -36 -9 -9 -48 -52 12 -10 -50 -89 33 28 -71 -58 15 -84 6 -75 29 -13 -74 14 48 -53 88 -26 28 -60 55 -57 34 -39 -87 -36 40 -100 22
-73 -62 49 -22 70 -96 -53 52 -13 2 6 71 -76 80 91 -52 -24 43 -39 91 91 70 -42 30 -90 -48 -23 31 -49 44 82 31 -91 1 -50 59 -40 -98 31 -95 -47 96 9 -60 89 -27 99 34 -23 19 -43 -27 72 -21 -10 50 33 71 -32 2 37 -14 -45 -91 -51 33 47 92 24 -67 98 -25 26 51 -77 21 -17 40 34 85 16 21 27 32 84 93 77 -7 77 -60 35 44 -91 -93 7 -73 95 -60 -50 49
53 84 -67 -29 -75 61 -48 85 -37 -95 10 -82 43 -16 -34 80 91 19 91 -92 92 43 47 33 -76 83 -50 58 18 31 4 -46 -82 21 -53 65 16 -60 -19 -34 -29 -9 26 94 30 -9 14 -16 15 40 59 -38 -32 21 -71 83 57 -26 17 -43 17 15 -76 -20 38 -21 95 53 15 3 7 -56 8 86 97 -60 -77 68 -56 -77 23 11 -69 -34 71 -91 -6 76 -8 -50 -94 -80 50 51 91 3 -56 90 85 -82
-2 -100 -71 -94 89 -79 63 50 50 74 -24 -16 85 -18 -5 -51 -6 -81 -46 34 -34 -70 -41 65 -59 -78 -83 -49 -45 -44 -78 71 48 85 -36 55 -32 -34 -5 -91 60 75 -50 -58 15 19 20 81 -55 97 -37 70 50 50 -45 -45 -80 -85 -61 48 25 -15 70 -96 -38 22 -57 93 61 30 -7 -70 51 -79 98 -2 -66 -86 -47 54 -7 79 100 72 -71 53 -95 63 -86 -76 -35 20 98 -88 -97 64 80 -58 -88 -80
-31 9 -97 82 -71 -33 6 -6 -3 -92 61 21 -12 20 -30 -71 22 88 61 -51 -10 -75 -73 98 -73 53 -5 35 -25 86 95 -2 -53 -39 -84 -48 -37 -93 -73 10 91 33 51 8 62 4 60 92 -66 -70 -76 -48 100 75 -3 98 -91 13 50 -86 -63 70 34 -91 85 -80 -24 -94 6 -30 -82 31 95 -37 64 60 38 98 -16 59 -85 85 -88 -69 -22 94 -28 -55 45 64 -83 -4 44 -19 24 29 57 -40 66 -68
57 -12 78 -19 -76 -86 -93 31 3 72 3 -49 80 -25 -70 -17 -97 79 -35 -25 45 -24 94 -30 -59 71 89 -27 -28 -73 39 0 -82 78 -99 41 -63 -95 -44 -46 80 -22 -18 -71 -55 22 -25 13 -36 82 96 98 77 79 43 -97 -54 -42 -73 -80 -11 -61 -17 54 80 -20 -8 46 -61 -42 96 36 -60 -21 -72 -78 17 -82 -51 -51 -77 -8 -45 16 -15 97 85 31 20 34 -6 77 75 81 -37 -23 38 -55 -65 69
-31 -96 -28 -69 26 54 -66 -22 99 -82 84 21 -23 20 95 -38 -14 -70 -71 41 -34 0 -95 -15 -18 14 -94 -100 -8 -41 -49 27 -70 54 -62 -28 36 11 84 -92 5 -50 -63 -83 -74 -1 7 -52 -42 33 12 54 94 -43 93 28 -34 -8 27 -76 92 -58 -16 -16 41 -59 -6 75 65 73 85 24 19 75 93 -16 9 16 -75 -68 -49 -21 93 -77 -42 5 82 7 -86 -76 -96 -42 72 -32 37 -33 -54 -87 70 41
-57 -98 14 61 0 -28 -34 -28 13 -89 -8 -15 -91 -10 -84 -67 61 97 31 12 32 99 42 -46 53 54 53 51 18 -53 97 -3 -15 92 -37 -95 86 40 -87 18 1 -14 -20 16 68 72 -84 -68 30 58 -10 -64 77 61 -56 -90 42 24 -81 55 -16 -15 5 -17 -64 -82 87 -95 30 -51 73 -11 -64 29 -3 58 49 90 12 81 -68 -86 28 80 -5 -75 -95 -99 -35 -48 -50 -7 64 67 77 -1 -66 -37 60 21
70 41 8 -19 88 45 84 98 -56 -6 -91 25 -13 57 -87 -22 83 -4 -76 67 -62 70 -13 -81 -86 84 5 5 27 -94 -32 -28 -83 -97 69 62 92 48 -3 44 34 55 -29 60 20 14 19 90 -9 -34 84 -1 20 60 -74 69 -74 77 13 11 -65 -53 70 98 62 78 86 -31 -36 -86 -48 34 3 56 74 22 -34 69 -22 -62 39 33 -45 87 -70 18 -85 66 -96 97 -56 1 -51 -36 -34 -18 -73 47 58 -66
93 58 8 -95 -25 -13 -57 -56 63 -73 99 74 -55 -72 98 70 -25 -65 -92 63 29 -45 69 99 98 52 49 0 -83 19 96 -49 49 -81 -51 -1 -93 -85 -70 77 52 -88 11 18 -98 23 -40 -25 -20 -20 -81 47 52 71 97 46 22 11 45 98 44 -1 -76 -37 -96 -61 -59 -47 0 51 -52 -92 -85 -98 30 75 82 44 -7 0 60 -76 82 85 47 -20 93 -50 -27 -90 97 -76 8 -10 57 -69 -92 82 20 44
-73 15 -1 -70 -48 28 -14 -7 -39 38 88 40 -21 -68 46 68 32 -55 -59 52 90 54 -4 51 15 97 -29 69 -17 14 -83 39 97 39 20 -58 65 -14 -69 94 27 -48 -15 -51 47 -46 -40 25 70 64 -69 -85 8 76 -91 75 -6 -96 -45 98 -12 -100 -62 -100 -39 70 -98 41 35 37 -77 58 -87 25 -59 -60 20 41 -51 36 2 52 -57 -16 -14 -12 -94 -66 -27 13 -86 54 -89 -3 -47 45 99 -73 3 -68
-74 12 1 50 -75 -31 -2 -31 51 15 -67 65 17 -29 -95 94 75 -54 -97 -12 30 -62 4 23 34 -55 -90 -80 91 45 65 25 33 58 -78 51 -100 -75 -73 49 41 97 85 -17 -29 26 -91 -82 -27 82 -59 -58 93 49 93 -41 84 20 -91 -55 90 91 53 87 33 -89 -96 65 -12 -23 -58 62 -98 -32 -25 64 -29 -2 -13 2 27 -72 -40 100 -76 48 -2 -8 -30 -39 75 -92 81 59 99 -76 -85 96 0 97
33 76 49 -13 62 61 85 34 11 -44 23 -64 -9 -92 26 -34 69 -68 40 -17 36 -89 34 -32 -62 61 99 0 -25 -1 -70 86 -66 -71 90 -68 -61 -38 68 -9 -48 -57 16 66 97 -51 -18 -100 64 41 -56 77 -12 32 18 25 -31 27 -77 62 -47 -45 90 18 39 -19 39 -5 -74 -20 -67 44 -7 -97 59 96 66 68 -69 -1 -2 37 -67 -75 -72 90 -28 77 61 -70 -32 36 -29 -97 -34 -71 80 -100 47 23
26 -65 -52 57 -21 -58 -50 2 -95 -5 7 -65 62 -17 47 -88 97 -28 -82 -52 -16 -98 -30 -13 7 -67 -25 50 56 -82 67 -25 -46 93 18 -13 66 -93 -3 45 93 -49 -51 -38 -92 -43 40 -65 58 -24 -62 -90 65 25 13 30 60 10 14 20 7 -81 39 -3 14 -91 -29 7 96 -34 5 -91 -39 49 71 73 -4 93 -6 85 27 -69 -65 84 40 -61 -55 50 -18 39 25 35 41 73 43 17 99 -98 90 26
89 47 73 22 21 -13 -35 -100 66 80 -22 72 83 33 88 39 20 70 2 -59 -25 -100 96 16 -42 -92 61 -40 -14 95 64 97 -24 59 49 -6 -6 -100 9 -97 -92 -86 -40 2 71 97 22 -47 -4 -82 -24 -39 -91 -82 4 53 -59 -3 7 93 9 10 -66 90 14 70 6 1 27 -79 -3 -76 46 -81 -13 69 -1 0 80 -62 81 -40 66 -1 -36 28 44 60 -41 77 42 -40 41 -79 20 42 -80 -74 83 -33
3 98 -74 62 76 41 -7 48 0 40 -50 -46 69 -62 7 -87 63 -80 -61 -6 -38 28 -29 92 -1 98 -72 26 60 -4 -31 -78 20 96 -40 43 61 65 -29 65 -58 92 -54 -39 87 29 -82 5 -46 61 -9 48 -71 65 -22 100 -95 -83 63 -76 36 71 -22 -92 66 34 -10 -100 88 26 47 78 -5 83 13 -71 90 -20 -30 35 26 51 -9 -74 -64 74 -73 33 -59 74 -96 47 -52 -22 30 -68 28 -80 81 -82
88 -33 36 82 12 25 -25 -12 -66 -84 19 71 42 41 37 78 -92 -78 74 -91 -48 69 -86 -43 20 74 55 49 -62 -84 2 -77 -21 50 39 33 44 -59 -87 -23 -59 -50 76 40 5 -93 92 -51 -5 -72 -4 -79 -20 -44 -46 53 -30 -15 -57 -100 -46 80 2 5 73 -28 67 25 -20 -41 25 -53 93 66 27 -92 40 -66 -95 20 66 76 -60 -24 -39 -38 86 -86 49 -27 77 -56 67 -44 55 33 4 -89 -19 -84
-27 59 25 -57 71 15 25 -53 -43 -8 58 59 71 68 97 -40 8 -47 -64 80 -25 18 -6 94 -86 40 -97 -6 -57 -37 94 -28 44 15 -93 -25 -75 27 33 -68 -32 34 -71 -43 -19 25 78 18 77 -92 68 22 -92 -11 -57 -19 90 -24 81 -30 53 -99 59 93 18 -18 7 55 79 17 1 75 5 44 39 9 32 -92 21 45 24 -54 0 -80 -79 -41 -73 -29 47 -12 -67 -21 -62 41 13 73 36 67 -86 29
48 60 -63 -2 -12 94 -77 -66 15 -85 -44 -76 -69 -35 -41 -60 -5 -12 15 2 63 81 61 13 -24 -8 66 -85 86 -46 -3 54 30 -23 -67 50 54 7 53 63 -74 83 43 32 18 -90 3 30 12 71 59 67 -18 -81 72 -34 -38 32 -17 100 -8 -38 32 4 -71 13 -1 -38 98 -18 59 55 -38 -72 88 9 -95 85 72 -26 83 91 62 21 1 -70 21 -55 -52 -100 -34 -57 -9 0 63 -34 -82 30 -60 100
-72 -25 -94 6 -13 60 44 55 -98 -44 34 -45 -38 21 66 -64 69 -22 41 -6 -62 86 17 63 -91 -95 -39 8 -82 -66 60 62 68 -36 -91 84 57 -17 69 23 19 91 -32 -32 27 -39 -58 72 -57 -69 -78 -84 -77 98 -100 56 -80 51 -66 1 -44 48 18 -51 84 80 -97 77 -4 -18 58 -80 70 -25 -88 -80 -74 4 5 -51 -2 79 78 35 78 8 -36 -78 90 -6 -5 -48 61 -56 79 -48 72 22 5 -7
80 -92 -30 59 -85 -13 -95 -8 54 -48 42 -68 -79 -19 71 33 -59 90 -39 78 -7 -56 48 93 -100 -4 66 8 64 -24 8 -68 75 -63 -35 26 -20 24 -55 -92 -38 92 -81 -29 44 -13 38 -63 -1 -5 -43 48 -38 35 -86 94 37 52 -42 -15 77 47 6 53 -64 8 -34 50 4 18 78 -95 63 -90 -89 -96 -11 -11 80 82 5 85 -90 -84 65 -73 -48 -18 12 -30 -90 27 98 88 46 -8 -61 81 -56 18
23 -21 -12 30 -18 13 -23 -18 42 -24 82 82 -78 -86 95 63 -80 -76 -95 79 52 100 43 98 38 75 -80 -16 -42 -91 -43 -89 95 8 -49 2 -91 -31 -64 -76 -72 -95 -43 36 12 -76 61 -24 -66 21 -39 65 -91 56 -36 12 100 52 16 -41 -96 8 -40 70 -24 -13 19 -74 90 -52 -49 50 63 -42 -59 68 -12 -53 17 -31 -100 73 0 -63 -84 -22 89 -80 74 -93 80 8 -37 -71 -91 15 -89 -30 -76 -82
78 40 21 39 -33 77 -7 23 69 -82 49 34 4 89 -56 -31 76 -47 55 -69 -80 80 -19 -45 -52 -52 13 -20 -65 -38 -38 -81 90 -45 80 -52 48 -60 62 79 28 -90 53 -12 28 -2 74 65 -39 -9 -41 100 -25 -37 -36 89 -60 -94 -36 -81 -4 -54 44 27 32 -55 -86 77 93 98 -44 55 77 -84 -67 -58 11 45 18 -13 -57 -92 70 4 -23 -49 47 11 69 -57 -1 -62 -56 -97 -36 -70 68 8 94 -63
22 -66 26 1 -7 -38 -46 20 26 -59 -46 -31 84 -42 32 -6 21 99 -24 -30 64 68 22 -71 1 82 -57 53 100 -65 -16 -57 60 90 11 8 90 59 -21 -78 -32 82 -3 48 -16 90 8 -48 -89 -21 45 14 -16 -63 -83 -59 -72 8 -40 48 -68 33 -2 82 -63 -51 -13 39 -18 -25 -23 6 58 -17 -11 -59 -86 -40 -44 -85 -71 27 20 -53 55 -72 -46 72 23 -92 -78 -9 -39 99 -5 -18 -49 21 -15 -78
-60 -68 -81 51 27 5 3 0 -83 87 42 -97 -100 -90 8 -17 -12 -14 32 58 -99 -46 63 15 0 -20 -87 -37 -10 -42 -34 -89 -68 -57 56 97 -15 -12 32 -72 -5 64 44 85 -16 -66 47 91 76 -68 60 16 -24 -33 99 -5 -55 51 -47 69 34 -79 41 -91 -3 44 68 39 -27 3 36 86 80 27 -13 -97 47 -77 -60 -75 86 -22 -35 93 66 -61 80 -60 -85 -8 -62 69 45 -92 -16 49 -69 -86 -21 -2
17 28 -25 -100 82 33 -30 48 20 9 28 -61 14 -96 -28 -17 -86 -38 8 -60 -61 99 -47 73 37 -67 16 49 -68 -9 36 -51 1 -96 38 84 73 34 -20 11 7 45 -33 17 -24 33 -93 -90 57 -56 -6 87 -60 53 -84 18 81 -10 48 18 20 -24 10 34 19 -87 -91 76 73 81 39 10 58 -67 -13 44 -39 -78 -25 30 55 -84 -18 -23 -82 89 -46 48 -69 -42 -38 -35 -43 -95 -99 95 76 8 -92 -61
-1 -23 50 -97 7 -42 54 -10 -57 -18 93 -52 79 -9 -33 68 -29 -100 -78 7 -91 84 -48 -14 35 -43 -79 34 44 -72 66 26 89 39 30 -75 -26 51 88 -53 30 40 -32 10 98 84 81 -43 49 -23 -57 -17 44 44 -55 75 0 37 -24 48 -43 56 -12 39 -58 -43 75 -89 43 -93 -43 -38 87 -86 20 -98 -14 -54 -48 66 -19 -39 -18 4 -19 36 15 2 9 0 91 -27 85 24 70 -25 9 -38 -68 85
-27 -13 -100 1 -48 74 -10 -8 -46 76 47 -7 -16 72 -61 -85 -56 -23 -79 -27 -59 46 72 95 20 -69 45 87 -46 5 24 8 -97 -40 91 -8 -45 -92 -3 -27 58 -33 69 31 -75 -85 -1 -79 -46 56 60 -15 -27 62 -90 70 -12 -37 -60 -87 14 20 69 21 -77 39 40 64 -88 -85 62 40 59 -37 -63 23 49 52 70 66 38 -4 49 70 -53 -78 -100 -62 36 42 -47 9 89 -64 -86 22 -38 4 -26 -41
-51 37 78 -92 33 -96 -68 -97 -50 -84 -16 7 31 -14 -80 64 35 71 -43 10 43 -60 95 -71 47 64 60 -8 -62 -10 -31 99 37 93 29 -3 -100 -76 48 -73 45 94 61 -52 82 -77 73 82 -1 -50 69 37 -25 62 79 74 -61 -58 11 -80 -18 74 61 -62 41 -74 -59 62 -97 97 -80 -83 4 69 1 -18 73 -64 -91 -40 -40 -72 -92 46 78 -33 23 -37 79 8 -13 -53 -84 28 18 -34 90 61 30 30
-100 -33 -10 49 -14 100 -20 -33 43 54 -36 98 -82 -24 -77 1 -27 89 82 -96 -77 72 100 36 26 -74 -5 -95 -51 -4 -30 74 22 25 51 67 -2 76 66 63 42 -79 40 36 -20 -14 -84 -100 -80 -53 -10 -47 18 -23 -13 31 -74 -45 -27 -88 -28 72 77 -57 26 -27 66 -13 94 12 -80 -36 50 90 36 78 68 96 -66 4 -99 21 -92 14 15 67 98 -60 -14 -45 -67 -72 57 83 14 -51 -47 -1 -6 67
-6 -70 -72 -35 -22 -68 -8 57 -89 -41 -35 -29 88 25 -37 51 -99 -28 -24 72 -77 43 24 -33 -65 27 -60 31 53 61 -100 3 49 88 -94 71 86 76 -66 94 -59 -11 35 -78 28 -46 -67 6 -67 30 -65 80 -87 -93 -52 -38 82 -85 16 -88 -5 91 59 -85 -68 -72 38 -15 27 -11 -81 19 -25 14 -92 74 14 -100 44 59 -29 51 19 70 -61 44 -44 68 -43 -57 68 -82 63 -30 76 80 90 -98 90 -30
-100 95 -48 -52 -79 -22 -92 -12 61 -18 4 79 85 76 52 -57 83 96 90 -36 -37 98 -51 -51 48 15 95 -100 -16 93 67 -64 18 -84 -66 68 -68 100 19 83 -55 -12 50 80 -74 -95 -50 4 -78 -25 -53 -68 70 10 2 50 -27 -33 96 -45 17 6 36 93 -86 21 -91 -10 41 -65 -24 77 -4 -75 -65 -34 45 -75 -61 10 -14 7 -31 -98 1 50 54 21 39 89 84 -60 39 -55 -15 -51 1 -35 -43 40
-61 93 -74 59 21 55 -53 8 -55 -50 -13 76 -37 28 13 -18 -93 71 38 -75 -22 82 30 38 -4 -3 -99 -25 92 -12 -77 57 100 92 -55 22 25 -87 41 66 -78 -56 -55 -90 40 50 -39 -37 -32 17 -19 7 54 69 -28 34 -81 -63 -19 -7 93 -54 -56 -23 -44 -33 43 66 -82 56 45 -57 -25 86 22 43 28 12 60 -48 -40 -29 -71 55 -8 -76 -28 37 -28 -56 57 22 44 -68 60 -53 -6 -13 -60 -71
-1 8 -11 19 -28 -13 85 89 -2 18 -41 6 55 25 -34 -49 47 75 -45 -67 -77 -16 -28 79 73 -74 -18 20 48 100 47 -91 74 -82 79 -93 -67 -84 13 5 -83 -33 32 28 30 56 3 -69 22 1 41 -22 -10 98 -13 -94 -53 -25 11 77 22 0 35 96 -98 95 -38 -70 97 -33 -62 -37 -70 96 39 -8 36 -66 -53 14 63 -86 -21 -78 68 -4 -88 45 -3 -68 -7 8 24 -27 -79 70 46 97 -100 -57
18 -12 -24 -72 29 88 84 15 14 -27 83 -73 -18 -37 -35 -52 54 -56 -47 -82 14 -63 69 43 11 -87 -11 42 91 -50 59 53 -24 97 86 -77 -97 0 23 18 10 14 -82 64 -31 67 16 -78 49 -32 65 13 21 -31 -25 97 54 83 -85 94 98 -65 40 -69 -29 90 -26 -73 19 -5 56 76 -4 -82 -48 -2 -49 74 -51 -52 82 -94 66 -83 -42 44 67 37 -74 69 -33 53 -32 -52 -34 67 45 75 85 3
-49 -74 -71 -45 13 -42 -86 67 66 76 12 26 59 53 -10 54 37 -83 -77 6 55 -11 -67 85 -21 35 64 2 -32 -32 29 -44 22 50 85 -69 -75 -40 47 44 -49 45 37 -79 -77 -60 -35 -38 -93 -38 68 29 56 -62 94 -65 -29 -74 -65 62 68 35 -74 2 21 2 33 -48 44 85 -43 -99 -1 0 19 47 -40 71 -86 -4 64 -19 -14 88 90 -80 51 -13 -45 76 67 56 41 7 74 21 83 -74 -24 -65
-51 52 -88 -18 5 42 62 88 -46 -7 2 -45 50 -85 32 25 -13 -92 -61 90 -1 -30 71 -47 -20 45 50 20 -21 15 -49 -75 23 36 28 59 86 44 -24 -54 -25 83 -91 -12 -9 -9 -26 80 65 62 -17 34 30 50 29 61 60 -42 23 -30 -47 -17 -16 5 22 76 -36 -100 25 -5 -39 37 11 -22 -45 -80 11 1 88 90 -12 -1 -60 35 -72 100 -56 -85 60 -48 -18 36 63 79 62 48 81 -29 -51 80
-43 -42 -25 -100 -59 -52 -74 -37 -1 16 83 -84 66 -57 55 87 19 -5 21 27 81 71 47 37 94 -91 -34 -6 -100 84 -69 -38 -64 20 71 44 -7 -7 49 -33 -2 2 28 -59 -43 30 27 20 40 77 -100 -87 20 -78 95 -16 94 -18 98 -61 -45 11 -32 93 46 70 -41 26 33 -3 85 52 -55 -93 22 -90 -83 66 40 -92 -4 -69 70 24 -58 54 43 -69 89 11 99 22 25 11 2 7 -52 45 -8 63
20 -16 30 -36 12 92 -10 -14 10 92 -58 -46 -5 -10 77 90 28 -61 67 75 -85 -90 97 -99 -21 10 29 -69 -98 -25 10 -65 1 26 91 79 -44 -49 12 0 -45 -81 -21 -84 11 -17 -29 33 -36 -9 51 -74 -43 -42 37 80 -77 47 -53 64 38 -96 16 95 66 -20 -42 -26 13 33 -3 14 -61 -60 30 6 -40 -3 -86 -55 81 30 -53 70 88 34 -58 -6 -27 -71 -90 -40 -81 85 -84 -17 -19 -34 -43 -79
7 -18 -88 72 0 -87 82 76 -67 -45 -8 -32 44 44 -88 88 27 -80 82 -9 -1 -32 63 -46 -51 -99 41 30 27 15 -50 70 -2 -61 69 43 -71 -95 9 -89 -42 57 10 -23 -15 36 23 74 11 -86 74 26 4 37 43 -86 57 30 -42 13 -8 81 -31 35 27 67 71 -52 -45 22 3 -99 94 87 -91 -88 41 91 -51 8 -5 -2 65 -100 -38 69 27 48 64 -90 -74 -17 65 -3 56 -14 29 13 -72 -1
-43 -3 1 37 51 22 60 -75 30 -28 85 -85 59 -13 -48 81 40 -58 -32 66 36 -8 -5 70 -73 -80 34 41 -88 -16 -1 -16 91 -30 -28 -64 -97 7 -99 -42 -90 2 -83 -73 -17 68 -95 -61 -4 -43 56 -61 45 -90 42 52 -13 -39 -62 -57 -24 97 31 -24 11 -76 -88 11 -62 -84 61 30 -49 68 37 -43 46 -13 75 -89 -79 31 39 -6 -26 65 23 -63 -62 48 70 60 53 6 42 34 13 -50 -52 -96
71 -65 66 -31 93 -31 -10 -77 72 -63 58 -1 -58 -97 16 -43 78 -13 -76 -4 -48 -24 67 -60 -67 55 25 75 -28 -69 -24 72 -87 95 -26 90 84 28 -42 -75 44 93 62 -44 -88 -72 65 65 96 75 -92 -3 94 -48 9 99 61 -31 55 18 -78 35 -54 -12 51 -98 -71 -35 -15 -15 71 60 30 40 31 48 23 -10 24 -35 -55 49 46 34 -31 -57 83 -95 39 -95 6 -14 4 58 77 -3 -52 78 -63 -55
86 -79 -14 18 -100 -13 -66 92 17 -96 -81 30 -32 51 -56 61 27 89 -100 -46 -2 -88 84 26 19 99 1 -59 50 -69 84 -31 -28 57 63 -84 -93 42 -49 7 67 42 -63 -78 -89 68 3 -71 48 -9 57 26 -65 46 67 80 28 99 -64 21 6 16 93 31 -11 100 30 -92 -48 55 93 -27 -24 57 58 -76 95 -75 20 -90 60 -54 -95 -52 -57 2 60 -50 -15 7 67 -39 72 18 23 24 -6 70 86 -43
82 37 8 -30 48 6 63 33 91 11 59 56 -74 -57 67 -15 -51 -16 44 98 -12 -6 86 -45 -45 86 59 -55 5 17 -50 -7 -50 -8 -2 62 -17 60 37 20 -65 98 -2 -15 96 64 -95 6 -43 76 -49 37 78 3 -23 -39 92 29 -96 56 -60 4 66 -87 -27 35 -99 56 -58 -21 -50 21 7 -5 77 -43 45 83 2 -16 68 -92 -54 64 -8 44 96 19 50 -31 -17 -21 -10 17 -33 -75 17 87 -86 -84
52 -63 -21 89 22 -55 -100 -56 66 37 63 74 -81 70 3 -20 -72 -21 -78 -79 14 -87 -89 -48 11 -74 -33 75 47 -36 -94 -47 -1 -13 38 -11 -53 67 21 -32 69 -37 -93 3 26 12 -27 -99 61 67 6 -97 -44 -54 -8 -3 -21 32 86 -87 1 -19 -98 57 -98 -4 39 31 -77 -47 -55 42 45 -24 49 63 18 -42 -49 -20 -77 16 64 32 63 33 -52 1 -98 -46 6 -35 0 -54 -36 -74 45 -87 80 -22
-59 7 -41 39 75 26 57 52 59 9 -22 54 -38 11 -36 49 27 70 15 82 87 -33 -78 47 -96 65 -20 99 -46 -34 -34 49 16 26 5 -15 92 -95 -92 -71 -37 -53 -86 63 11 81 -15 -20 54 -40 61 -30 76 -37 -37 -34 -5 -73 15 73 -64 18 1 44 80 -31 -31 -75 91 42 35 -91 -28 -45 54 -22 -50 62 -4 13 -43 -13 -2 94 19 -46 78 15 -31 64 -61 -93 56 -92 -21 90 -30 59 -11 55
11 85 22 33 -41 88 4 -58 -70 -27 -39 61 -74 -71 88 -16 -91 28 87 42 -30 -77 -79 -49 -60 -5 4 33 24 12 72 -40 69 -97 35 -19 -12 10 -38 -73 27 -78 -6 -41 -51 -90 1 -72 -3 -95 -59 -21 73 -86 31 45 57 53 60 24 -94 48 81 83 57 34 52 100 -84 -68 -18 68 24 44 57 -18 77 -91 39 -48 -88 80 70 45 44 -87 3 -9 -37 -38 23 92 -26 67 55 75 -50 81 17 -72
-62 3 16 47 86 -31 -18 93 11 48 86 -50 -62 43 12 -14 -97 -68 -63 85 -97 91 -98 57 24 80 55 5 78 83 16 31 -88 -35 14 -65 84 -78 -81 26 -85 99 -52 45 71 -17 23 -25 87 -8 66 20 76 -56 -83 -68 83 -60 -65 51 34 -6 62 18 -62 -65 12 -60 -70 20 -70 -57 -68 -92 -31 4 -53 -85 48 26 70 -16 -11 40 -72 -73 43 1 20 36 -84 72 -1 -28 34 -95 -35 43 -16 -28
46 56 -45 63 -55 27 63 -33 -77 -49 -48 15 -68 34 -98 31 -83 -77 0 83 -74 -11 -87 53 11 -90 34 64 -66 -52 -69 17 -76 77 72 -40 -33 -14 92 79 -29 77 -96 7 79 -39 69 -96 29 28 6 35 24 -3 58 -55 53 -94 -55 -52 -8 15 40 10 -46 -75 13 -84 -44 -75 100 -99 88 19 71 -15 -71 -64 -88 -45 -68 -99 -41 -34 -76 -18 -76 81 59 -30 64 55 43 98 79 14 -35 -49 -39 63
-55 42 92 22 -9 14 47 -38 -12 22 -26 -47 99 32 28 -20 -21 -43 -60 24 92 -70 -73 20 -45 -28 20 -34 -82 54 22 -75 47 -63 -44 -19 -65 80 -67 -54 -50 -66 -71 17 -4 -68 -81 -11 -53 -2 10 -46 -90 37 -36 -99 92 -77 74 15 -29 -85 91 39 32 66 85 -6 -98 -14 -47 94 59 -46 96 -59 73 70 -33 29 -45 18 51 22 -51 -21 -48 92 3 57 6 -93 40 -50 -46 13 93 91 55 86
12 21 76 23 -76 -93 -78 -69 49 -20 -38 50 37 35 57 -43 49 91 -64 -59 62 -96 -87 57 -24 93 90 -38 -56 17 41 74 -48 -61 54 -33 -99 -40 -37 -72 -83 -14 79 -49 -48 15 3 7 14 36 2 -63 5 -43 -54 -47 52 24 51 -74 -24 -30 72 85 -31 17 26 -41 42 -60 13 -63 -13 -32 -21 45 -51 -71 55 81 47 -33 -89 -23 2 -37 65 -79 25 -36 98 76 54 99 -54 -68 -27 46 -67 -69
76 18 -54 87 -57 3 13 63 14 61 -44 -42 -61 88 24 -52 -21 14 -50 49 -76 -65 -90 55 80 7 -83 3 20 -11 84 -51 21 -56 77 -39 65 66 85 -13 -13 53 -87 -88 -27 -2 -9 18 -12 37 -34 -8 96 98 -90 2 -39 60 -6 84 4 -82 64 21 56 83 100 41 24 -76 -14 -89 -53 91 -89 46 -30 52 4 82 -76 11 16 -51 -50 72 94 -97 75 -26 57 -71 98 -98 82 -11 57 39 91 43
-75 70 81 11 14 -64 17 -84 -60 -91 91 38 -19 26 -69 -38 -53 98 -13 -64 30 54 30 86 24 -17 -37 -2 28 -52 -75 -66 50 77 27 94 -19 -11 73 -90 -44 72 89 50 57 78 -18 84 -30 -31 -80 92 -67 12 16 -51 64 -70 -74 96 -18 -95 -36 -59 17 -95 -64 73 -27 -33 24 80 -67 -14 -27 -79 -79 54 -4 80 -58 36 -98 -91 -39 74 33 -22 58 -92 88 77 47 -79 14 -50 -35 -85 -81 15
-27 77 85 100 94 -35 79 8 -50 -38 -18 59 19 -83 13 83 -42 -87 90 -80 -88 -69 -11 -84 -21 14 -95 -32 -29 -15 -99 -64 16 -58 3 -66 19 48 2 -37 87 -4 11 25 77 -47 -37 89 -55 88 -72 -34 -20 -33 62 -35 -52 30 -93 -57 -77 -80 86 -68 75 -69 -93 -49 93 15 3 -51 29 -5 32 81 72 71 -53 25 95 36 -35 -24 -1 -83 2 -87 9 -71 73 4 98 -69 -70 -36 63 74 -57 -56
15 -98 53 78 14 39 14 -82 -80 76 -78 6 -85 81 53 32 -34 -65 81 -40 -40 83 56 24 61 53 6 11 9 70 -84 -8 76 92 41 85 3 83 -7 -35 38 31 65 37 -96 7 68 -38 30 -5 20 92 -54 72 94 -57 -59 39 0 -80 -76 36 41 -72 34 81 96 22 14 -17 -22 -46 -30 41 70 -39 -68 48 -13 43 -56 85 -96 36 17 -66 87 -4 77 89 62 68 -82 23 53 -38 53 45 -56 -39
-33 -94 90 71 11 52 -56 43 -73 -38 36 76 -72 -22 -20 81 22 -60 -18 -68 -2 84 96 9 -72 55 -68 57 -35 -70 99 -19 60 2 -8 3 -57 -87 93 -70 12 32 -57 20 -61 53 45 23 73 24 -95 -99 99 26 -1 12 -29 69 -93 -2 33 -52 -41 -67 -74 86 7 -68 39 92 -72 -62 73 48 -16 46 -62 51 41 58 41 -32 7 67 -89 -81 -24 78 -33 -44 -65 79 -13 25 -16 38 -74 51 -82 22
-71 -74 -1 -34 -94 42 53 -16 35 -71 11 -30 51 61 33 76 -45 -22 25 -56 75 0 74 76 -75 93 54 -38 -30 2 83 13 15 36 34 -45 -52 2 100 94 30 -83 75 26 83 46 -77 71 40 16 -6 -45 -86 -82 -88 29 -29 89 -52 22 100 -4 -95 -93 32 7 83 20 74 25 -43 15 44 77 5 80 -57 -69 -73 -65 53 -13 -3 75 53 74 -52 4 40 43 -62 20 -37 -33 -21 21 -71 40 -88 83
35 47 0 74 8 -78 37 -3 -37 -21 -83 -19 -64 7 -26 -85 -90 89 90 23 62 -13 47 75 -78 13 -38 -5 45 -29 -29 49 37 -65 -43 80 -69 75 76 33 97 -28 -25 99 57 -90 89 73 -5 68 -71 15 -25 -24 53 -27 -82 2 10 -36 25 -95 67 20 -35 -78 -22 -90 98 -78 83 80 91 -71 98 -76 -66 -59 -51 -87 48 -30 -70 -39 90 -16 64 -84 -29 -8 41 96 82 -36 78 -20 66 -50 -55 18
-68 67 83 33 99 94 -100 37 -14 30 97 -17 -74 60 62 75 60 -55 -93 20 -70 -41 2 13 43 24 64 13 -86 -5 -2 -100 -69 2 -98 26 91 -10 23 28 34 -91 52 27 -100 81 13 1 65 38 23 -2 -95 73 37 -86 -4 0 93 52 -39 -12 1 -74 -69 7 -71 -16 -8 -13 28 -98 -30 -4 72 62 -89 22 -91 -47 2 40 -6 -22 -47 14 -50 -10 -79 -24 -27 96 28 -82 63 -38 -2 -25 -79 -16
-98 4 -26 73 7 -95 -87 -34 91 -18 -37 -49 53 -83 38 26 -27 -73 97 88 56 -82 21 65 -64 23 11 6 -88 0 98 -91 -41 92 -28 -29 -90 56 18 48 3 -68 94 -90 24 -36 3 -72 31 37 -61 0 -39 -10 57 -17 20 20 -47 61 66 -75 -70 -64 59 -87 -31 70 -22 -94 27 39 -80 -92 56 64 -12 -33 40 -56 -23 82 24 85 38 -53 45 13 -41 -4 -41 92 88 20 -12 94 -56 -22 25 40
-41 -9 46 -15 1 12 93 66 -95 -19 -94 -100 -82 5 -67 94 43 -76 -20 92 40 37 53 -83 27 17 -57 -23 13 -23 75 57 48 -15 76 14 -25 23 -41 -89 30 46 -7 20 6 -80 14 60 85 -92 -81 -56 -26 23 -60 15 42 100 64 100 -80 60 37 91 3 -1 -85 -36 -75 -22 -74 17 -84 -88 81 -2 0 10 83 73 31 41 82 -17 90 4 -89 86 48 -83 -8 -69 -29 44 41 -26 -16 98 -7 88
63 99 -48 -27 -23 -94 52 14 -30 -16 91 64 -77 25 -9 -66 54 1 89 57 9 -81 -7 -12 -51 -69 -9 -79 40 17 -50 51 -15 -81 -39 95 -4 61 -60 83 17 23 -76 1 -66 42 45 -20 20 31 45 -72 -32 -93 -44 44 7 9 87 -51 -31 43 -63 -44 83 -19 -90 -16 -88 20 -63 -54 -56 61 85 91 -94 68 50 36 40 21 -11 22 44 -66 67 -96 19 67 32 91 57 -45 72 -1 -15 50 85 -69
-17 -56 51 -99 -20 -53 82 47 51 -31 -26 79 -20 -66 -82 -62 -30 49 -35 -1 70 -69 35 61 -74 12 -61 27 38 59 -11 82 85 -48 -84 64 -75 -35 -21 -85 34 31 66 14 74 4 35 -73 3 -52 70 -14 -19 34 62 2 55 -8 -7 25 -73 4 -13 88 -89 28 -40 -4 -4 5 -84 -54 -46 85 -31 4 -80 -5 100 26 74 70 87 21 -88 -82 -50 -46 -18 -96 79 -9 -31 -69 -35 -32 -66 79 -55 55
-51 -85 34 73 -19 -21 78 17 -32 16 -71 4 45 6 -68 11 66 -77 -95 -74 24 60 -87 77 -45 -70 -33 -94 47 -81 78 82 -93 10 -85 -73 -29 29 21 -66 -1 56 50 74 -28 -15 -29 39 88 -82 -6 7 -54 -35 26 62 -35 -16 -52 -94 -87 -47 -100 20 -58 5 5 96 41 -27 -92 65 -87 63 -52 -39 -30 -91 16 69 31 25 -100 -40 1 -13 8 -44 -78 -35 51 -86 5 -81 45 -30 88 51 29 -32
99 32 73 25 -99 -29 33 -95 62 -82 -77 -41 33 47 -9 -66 43 35 68 -72 -30 42 -73 -54 2 41 -100 -1 25 1 5 -89 -96 20 -42 -23 -49 -98 6 -27 78 -72 71 71 -95 78 -74 -89 67 -58 99 -53 35 2 42 25 93 6 -59 14 -52 59 63 -80 73 -21 62 -52 -23 38 72 8 58 -10 20 24 -88 99 -22 -87 -74 -10 -1 -33 54 -33 -61 62 19 -49 -89 -35 69 -32 14 -45 -6 -34 -14 -24
-92 -69 82 -49 42 33 -6 48 -87 -59 72 -18 57 -73 20 -67 80 -12 -77 8 -97 -40 -32 89 -92 -81 -80 -31 48 78 -6 83 73 -84 -84 89 0 -81 74 9 64 25 -83 18 -65 -18 -79 -56 -61 -9 48 -83 -86 -13 49 1 -74 59 -63 -4 13 99 38 90 65 -75 -44 43 53 -33 -52 -20 4 -24 -91 -63 71 -46 42 -48 -25 87 -27 94 34 44 11 -58 59 66 -14 46 -73 20 49 8 -19 59 95 -17
63 -84 -27 -79 35 96 -1 -89 64 -62 -14 -20 30 -74 52 -52 -76 -99 46 -38 -93 15 -43 -15 -87 -59 12 -29 85 8 26 46 -3 59 38 38 -15 -6 50 -76 -27 7 -68 68 -81 -80 46 56 -9 79 -24 -92 48 -26 -58 -39 6 -37 20 49 -63 -79 6 86 2 -75 -2 6 -93 80 62 -75 66 86 -52 3 -26 -76 34 41 -95 7 92 79 -59 100 81 70 32 -7 13 -1 -33 -74 -13 87 83 -37 -77 32
19 -85 -98 61 -96 54 -4 -75 -53 100 22 28 39 -22 58 -70 -58 -59 -31 100 30 97 -37 -12 53 -33 -96 -60 -79 -70 70 66 40 46 -59 51 54 37 73 -62 -68 75 98 -66 28 28 85 -75 90 61 5 -78 -10 -29 -17 -5 -21 89 -5 -23 -73 33 35 57 -96 -52 -20 -55 -92 63 6 -35 -20 68 -40 62 7 90 -3 -69 65 14 87 -34 79 -93 -32 -27 -3 -99 14 -4 -25 -80 -23 11 43 -63 -21 2
56 18 86 -65 -9 -24 32 -89 67 46 97 -77 64 -49 -57 -75 25 -20 -83 -38 94 17 15 21 45 -47 22 -70 64 48 78 -34 81 -79 -63 24 88 15 -24 33 -4 78 -46 99 -95 -25 69 -98 60 -24 84 12 82 -36 -64 -57 -98 81 9 -100 52 -61 -29 74 68 56 -68 43 -87 -7 -80 -56 29 -39 15 25 47 63 -5 17 73 70 16 3 76 15 -73 13 28 81 2 7 -47 82 39 37 36 -58 -5 -44
-23 3 -50 13 42 7 -82 -2 27 7 24 -84 86 -75 33 70 -90 73 -26 -82 71 -24 76 -8 13 20 -16 92 -86 5 60 -71 -40 -59 13 -14 -33 94 4 17 -43 -89 -12 18 23 -6 -95 4 -1 -55 56 63 -32 -19 -7 -20 14 33 51 -71 -67 66 15 -4 10 -99 -60 -85 -78 54 -53 0 -26 -66 17 -9 0 0 -28 74 64 79 96 24 31 -100 -46 81 76 82 60 83 -50 72 -15 -8 92 -76 -57 67
99 82 89 -62 -19 -54 35 -37 -17 -75 -63 -39 12 3 -37 1 6 9 87 53 -56 77 -78 -63 79 89 86 39 39 40 -74 35 -34 50 69 -20 66 -51 -73 -95 54 37 40 71 44 -93 71 -19 -86 -83 89 69 -46 -58 -46 72 29 12 79 11 71 95 -95 -53 86 60 -67 -77 57 -68 88 41 0 -14 51 0 -97 1 37 -45 -71 70 -4 -14 64 85 -4 60 79 -32 -68 4 -58 62 3 26 22 -23 17 -73
-48 -22 33 100 67 76 -36 62 -54 -95 -7 -59 27 -90 -75 -80 82 99 1 54 40 73 56 -11 -32 -91 48 30 85 72 34 -44 -70 -43 -73 96 -85 72 -65 -71 -79 77 -46 74 95 -71 16 84 -1 -53 -66 -82 -95 -4 23 -22 67 5 21 82 -57 -76 -76 33 -52 -97 92 34 -83 14 9 5 86 -47 -99 41 14 88 28 -42 41 86 13 -80 -63 96 1 61 -12 41 66 -7 -23 25 27 40 49 -57 30 80
-86 95 -78 -4 -53 -65 40 -56 73 -30 52 34 -52 53 -29 19 83 -3 -63 -34 -90 41 56 28 -24 87 23 30 97 -73 81 -71 23 -25 42 5 -62 -85 -77 76 82 -56 -1 47 52 -68 -10 -86 96 10 24 73 -42 47 -34 -3 -4 -38 9 -94 -17 -60 62 41 36 54 75 74 51 50 -8 86 70 -96 43 53 -79 -17 47 -77 65 -73 77 88 -75 57 -50 -30 -50 72 -67 87 -45 -38 50 81 88 64 90 40
-32 58 -96 60 10 36 -67 -78 -50 77 -56 -34 57 -46 9 98 -57 -19 32 91 9 58 -62 -32 30 18 19 31 98 -97 -2 10 -3 -96 2 -64 -73 51 -87 33 -27 40 -45 -71 -97 61 35 -23 87 42 79 38 77 -57 -42 65 -35 6 91 98 24 -67 -45 67 -48 -32 -13 56 69 4 -13 -41 -76 27 -10 7 71 81 91 -52 34 4 -79 7 11 2 19 81 76 24 70 -51 -37 31 -20 91 64 6 -37 -7
24 61 -50 53 -71 12 -32 49 58 48 -94 -18 95 -5 -19 90 39 -34 -62 39 -11 56 -57 -82 30 53 -16 84 87 92 89 -6 78 60 10 -75 -75 -61 -65 52 -45 55 40 -96 -73 -84 69 14 76 86 -50 1 -6 30 -41 -95 36 -76 -76 65 -26 51 -36 69 -39 95 -64 56 -26 -31 43 -90 -90 -3 64 -59 81 63 -6 -100 74 -66 -67 97 -8 -96 32 14 59 4 55 78 -46 -51 92 9 54 72 48 79
-35 -32 43 -7 -72 5 28 79 28 -63 84 7 -25 14 -59 -90 -24 100 -18 47 93 -81 -31 55 40 29 -90 74 -47 -67 95 89 52 -77 87 -96 -15 66 47 -60 31 -1 -10 -62 -45 -35 73 -23 -83 -67 -97 11 -82 -28 24 30 66 43 -56 73 38 -74 46 -92 -40 -96 -34 65 -17 99 -100 -8 19 85 -5 94 -96 -88 -76 -65 83 98 -64 -55 -1 -73 97 39 35 -19 -22 45 -9 87 87 77 -26 48 49 -79
10 41 100 -41 -75 1 -59 4 53 24 100 42 -68 -38 -100 41 -87 25 -5 23 -7 91 -44 -78 -24 -89 31 78 72 36 29 -46 -62 96 32 1 96 -49 20 86 -98 80 -28 77 66 -76 18 -28 34 65 -7 -26 27 -4 -68 30 -42 -95 -77 23 74 -62 22 -75 -32 42 32 48 -78 -59 -79 -87 81 80 70 60 -19 -61 -41 -32 34 -16 12 -58 68 49 -47 -78 52 98 -44 -52 35 53 57 65 -96 27 79 -66
-67 59 79 18 -92 18 91 4 -93 49 55 -41 46 -16 -57 -38 35 -44 2 82 -74 -3 -83 -61 -45 -55 -2 74 86 -76 -33 5 16 -51 79 57 -26 69 97 -76 -8 -11 -46 -97 71 21 -34 4 51 -53 49 -10 64 -25 78 -53 74 58 77 -64 61 82 69 47 -60 9 35 -6 28 84 -28 -11 -97 66 28 -18 20 46 -85 -85 9 68 72 72 -34 76 6 -5 97 32 -56 -23 16 -33 -95 31 0 -16 -51 -49
-93 95 99 57 24 90 -47 -60 79 28 86 -79 -99 17 -57 65 -81 50 -37 -53 35 -20 75 -22 98 61 -62 97 -84 -93 -21 32 -12 41 -13 14 84 -58 21 38 -73 -6 -58 6 13 -60 -96 -54 -21 35 83 -4 64 -37 -67 59 -30 42 -48 -74 -68 -20 -81 96 -36 -90 85 48 2 81 -77 19 40 -62 -73 61 -43 42 0 60 49 -10 30 46 23 44 90 -22 38 94 -8 65 -58 -10 -19 93 43 52 55 -22
30 8 -49 52 -56 96 99 -100 87 47 -4 -100 69 -10 23 9 -44 24 3 -43 99 -27 -68 35 61 89 -8 51 94 80 71 -71 40 53 -65 -51 -38 95 -1 88 -61 -61 90 91 100 59 58 20 -80 -74 -7 86 -44 -3 -33 -75 -98 -43 -35 -8 -30 49 -15 -20 44 22 96 -59 -54 -96 4 96 2 46 -5 23 77 11 21 -58 37 92 -41 -100 -31 0 -69 -58 -94 -54 -51 4 77 68 -79 -1 -71 -90 15 -63
-18 -43 -70 -66 7 47 19 -38 88 44 43 95 -1 -84 -56 35 -18 -62 76 -29 -49 24 20 -49 -75 85 74 -95 -5 -3 20 27 70 -54 89 78 -92 8 -25 -15 12 -9 -65 99 -82 -99 -67 -64 33 -65 20 13 43 30 -54 -56 -83 6 -48 -26 -76 -99 -1 -27 -9 46 -83 86 23 -80 -3 30 34 82 -99 -49 -6 85 84 91 24 -94 15 71 -92 -10 -89 -80 79 19 10 -92 1 33 -51 45 -30 -79 81 46
84 -8 44 -96 -88 -32 71 71 -8 -39 -48 61 89 28 -80 -7 86 46 -97 45 -72 -67 65 -32 -68 -80 47 42 69 -32 -41 39 31 54 86 17 -42 29 15 74 -8 -11 24 3 -37 60 20 17 84 87 -95 67 -52 -31 -47 43 51 24 -5 33 100 13 -96 28 -84 79 -17 25 -66 -12 -39 54 -77 -56 -59 80 -71 -56 46 -66 -45 -6 82 74 -36 93 -96 -85 31 -68 -35 3 67 97 35 65 25 38 -39 -12
42 -29 73 -11 1 -41 3 -21 80 -45 -25 66 -63 -42 52 33 -93 -61 -55 -54 48 35 3 -95 -60 -79 -51 -78 87 -74 -57 17 95 76 -17 -71 -98 30 -53 76 -64 -4 -7 4 -25 82 10 -82 0 -87 68 89 -49 18 -67 58 -87 -68 -80 -20 58 10 6 55 87 -46 -75 -65 54 -67 -27 72 -45 -87 84 74 86 2 -52 -34 13 16 93 -97 -93 -40 -75 -98 82 -91 -91 63 89 23 -94 -40 -78 -35 45 -79
69 -85 5 -91 -59 19 2 20 89 -41 -34 -63 -83 -96 72 -66 16 88 84 51 39 73 -17 -97 59 -39 67 -72 37 29 89 43 63 94 -86 100 -15 99 -1 -9 92 -58 -84 73 56 -96 96 51 36 38 60 -90 -34 -63 94 -49 8 49 -80 51 79 52 23 -93 -56 -43 33 62 88 -25 29 -59 -37 79 38 -19 -51 -31 -63 -63 -56 -76 35 66 -100 -64 -71 43 6 30 -98 -69 -28 -47 -33 -96 -93 -29 43 -34
68 -77 47 -99 -49 -6 61 -57 -71 74 -1 33 78 -97 89 -24 -72 96 -93 48 -92 -7 16 56 45 -93 56 -82 59 -22 -34 -10 66 -41 -99 23 42 80 -63 45 -51 47 -100 -11 23 37 12 -24 81 -30 -2 37 -94 -40 -28 21 -30 83 -81 87 86 36 78 58 73 -17 -31 -11 -58 42 -25 35 -97 21 -12 22 -44 84 -59 -15 69 59 47 76 -88 16 100 19 26 61 3 -90 40 39 -37 -44 -89 -61 74 16
16 73 13 100 94 -48 68 -34 -46 -45 80 87 8 59 99 -51 -98 26 -9 -76 66 -49 40 -34 25 99 15 47 70 0 -51 -67 39 85 10 -17 -34 34 -89 -17 -4 -92 94 64 57 -96 83 25 63 26 98 32 92 72 46 60 95 -3 74 -77 56 96 98 29 -63 -73 91 -70 -17 -77 -77 70 -75 57 -11 -49 -7 93 -44 -22 -67 -16 -61 91 44 100 -2 31 55 -96 -39 -35 76 -62 -10 99 23 -25 85 -66
84 74 47 36 -16 92 -9 -47 -90 75 -92 -61 48 -32 92 -21 13 -16 -9 -25 54 -6 -82 -1 -51 45 -50 53 23 94 -86 -3 61 68 51 -36 -47 66 -23 86 -16 89 -2 13 -53 -50 58 65 -13 -71 21 7 85 94 -52 35 -67 83 -90 -24 -79 98 -75 63 -77 56 49 44 -2 4 82 -11 -90 -74 56 -59 61 63 -76 -34 97 12 -68 -99 67 38 -71 -11 54 -63 -52 24 92 -91 -22 27 0 -39 22 62
-99 -10 20 38 -90 -82 54 79 -87 60 -32 86 -76 -43 -11 -89 -88 -40 -9 -27 -82 -10 4 -92 67 78 -55 -26 -31 40 63 -79 96 18 100 91 63 -91 -56 31 -55 67 23 29 18 66 -94 38 51 14 58 -2 -86 74 -9 -44 89 65 -42 20 -78 -40 48 57 44 40 88 -95 30 84 44 26 -46 49 68 23 -85 60 13 5 3 37 76 89 -41 -69 72 -37 -78 91 20 0 -21 1 -38 38 -21 -44 67 -47
-8 15 -78 44 36 -90 -35 63 -24 -89 18 -47 -60 82 -34 43 7 30 -44 -55 -41 -60 -29 36 65 51 93 95 -61 36 -62 76 15 39 29 -73 -75 -51 7 58 -92 -34 -61 55 58 13 86 -93 4 -76 -38 7 -97 -64 -79 3 61 9 30 59 -29 -61 50 -40 25 8 80 -48 29 -35 14 42 -50 99 -94 -78 40 9 99 2 -9 13 -31 -26 64 44 -81 -45 -39 -8 -64 96 -21 -91 97 -83 37 -94 32 17
51 11 85 -48 -35 37 65 -99 -13 -87 -42 12 -79 -84 -65 78 63 10 -34 -36 -15 16 28 27 76 -96 -28 -70 -87 -28 9 79 -48 -54 41 94 -65 -53 -59 -37 -27 -24 64 25 -14 -77 62 6 -63 -69 -16 90 42 15 -73 88 -60 -48 75 -85 -29 23 20 13 -36 -62 56 34 46 99 86 5 15 52 -50 -70 49 -35 -21 -21 -67 73 65 49 54 8 -69 31 94 49 -35 44 -67 -23 74 -91 -61 -53 -78 -52
-84 82 76 -6 -75 90 -78 -91 -93 -27 61 21 81 9 57 10 -6 27 41 -94 -79 63 -26 91 -73 49 -87 98 9 62 18 32 -23 24 12 62 57 -63 -94 -12 42 34 -15 80 97 63 -81 24 -92 55 -4 -36 -66 -44 -21 -57 -61 9 -29 -92 -70 54 14 -86 29 -5 25 79 28 60 -97 -73 -3 41 61 -62 -39 -46 -49 5 53 -73 68 -84 40 72 89 37 54 82 -61 2 44 13 0 -23 52 -41 44 87
8 74 70 -60 -46 18 -99 -65 86 -6 -92 -13 -48 56 -41 72 69 -71 -89 -14 -57 -34 -67 17 -51 -70 64 44 23 48 -2 -45 -1 -87 22 -80 61 56 -1 30 -77 -93 -90 -86 -100 -19 30 63 63 -91 -52 -55 -80 -28 8 83 -3 -36 18 74 71 -34 35 -27 -68 24 -99 96 -84 -13 47 16 -44 -79 -14 76 5 -94 -29 -85 -88 9 -83 85 -11 8 70 -93 -91 42 -8 -32 15 -13 -95 35 30 -23 -35 -9
44 -3 92 -29 72 55 36 63 -77 -19 8 86 20 68 27 55 -41 -14 9 90 -60 -18 -95 -87 -15 65 -45 -96 -41 -69 31 79 55 98 49 -56 -48 -57 84 -99 59 -79 49 100 76 -18 -87 -8 -2 -91 46 -62 -55 90 19 -43 -55 -18 -39 86 -75 16 8 -98 -4 -2 -10 -92 74 0 -49 -75 -45 2 67 -67 41 -14 -39 77 -99 -2 25 -14 94 62 -97 -19 80 7 -63 86 -83 -25 25 15 93 -54 -89 -41
99 66 88 44 -54 -99 11 -64 47 -22 55 1 46 -23 14 -50 -80 64 98 31 -53 88 -23 -12 -41 27 64 44 80 63 26 51 29 31 60 72 85 36 37 17 98 -37 -54 -46 -34 33 70 66 -97 -83 13 -50 38 4 -96 1 -20 -27 97 74 -100 94 -23 75 -88 86 76 -87 -17 -90 -50 76 -71 -17 44 -60 86 -75 -8 -74 -47 98 44 82 -39 -64 -15 46 62 22 -23 -49 -19 35 15 -4 42 43 15 24
-32 -75 -23 -46 78 -98 -30 -14 -73 -53 -73 -30 89 -15 -29 4 16 -93 17 -33 36 -76 40 -64 -83 53 -95 24 -12 48 80 -98 17 35 9 13 4 -91 -98 -90 7 -80 -100 -59 20 88 -43 40 -42 -63 46 84 77 30 57 -50 -95 65 -6 64 43 -44 -12 -57 35 -1 -68 7 -45 -47 -25 -32 11 -24 40 -30 -63 -41 65 -89 29 -10 -76 -54 -87 -37 3 99 -74 55 -91 -41 6 49 90 -46 54 -18 -16 -76
