1 62 -68 -69 30 -14 37 -20 -72 77 74 -57 98 -29 -81 39 52 67 -38 95 21 33 -49 98 94 -52 85 -23 -46 -7 58 -69 6 58 -1 30 -74 33 -52 26 -5 -91 -16 -20 35 72 46 -24 26 -29 70 14 11 64 66 -22 15 -18 98 72 30 58 -46 15 32 -55 15 -36 90 85 17 -81 -92 -93 -7 44 44 11 -36 29 -58 -50 62 -22 -90 33 49 -74 42 -16 -75 74 54 83 -22 -84 -78 13 -96 14 -30 50 54 36 96 -75 34 -26 82 37 -19 55 -52 -80 -13 -50 -7 -90 -94 -47 100 -21 -58 20 93 2 -57 -21 23 -33 64 -81 22 10 76 -41 -87 100 18 -2 -24 -70 24 -19 12 -30 -69 94 59 97
-87 79 -14 83 2 -48 -30 -90 -14 96 92 6 -28 -94 71 -15 -73 -83 96 -20 -85 -76 31 24 8 -84 71 92 92 38 90 36 82 -69 -70 58 25 50 -21 77 74 -25 -50 -50 -61 -97 69 -24 78 66 -46 -78 68 -82 -60 25 86 -65 -73 -80 -37 -24 13 -17 -77 77 -38 15 92 42 -86 27 -21 -69 -87 70 -26 98 -52 77 -86 -84 -12 -29 11 53 -20 -66 2 61 61 70 -51 -94 -31 -22 -65 -79 -37 14 89 -16 -23 35 -13 52 48 26 -85 -25 71 54 68 8 -30 -6 -38 45 95 44 43 15 8 96 -20 -78 -78 -57 24 11 -60 22 1 -56 35 -27 -5 31 -91 -15 61 -62 -31 -8 18 -57 2 -14 10 -94
56 -50 -7 -4 58 -15 66 36 -19 -60 94 28 -90 -44 -65 -2 88 -37 85 79 -77 -58 47 -40 -54 -8 -49 92 14 99 94 -62 48 -41 74 -72 -14 51 67 -91 22 26 -61 15 36 -24 -93 39 84 -30 -58 3 -12 20 -62 -88 -26 89 -84 93 39 -41 49 -6 -44 -85 -98 90 -25 -61 -78 7 76 -57 94 -33 -82 16 84 -29 -17 20 95 55 60 85 36 31 44 -31 -43 91 83 38 -42 74 51 29 -52 -79 88 73 97 -58 89 -33 13 -55 83 -45 94 52 -39 8 50 2 22 -60 80 -34 -35 -89 81 94 -46 95 43 -10 94 85 -54 -20 -29 15 41 11 58 27 -20 -5 -91 66 86 69 -25 20 48 -35 96 -86
38 38 15 3 64 -60 -95 -66 -84 -30 51 17 -67 35 29 60 17 -44 91 1 -21 -32 90 51 23 -67 -75 -98 -18 -72 -63 41 36 -9 65 22 88 -22 -26 -98 68 58 -99 82 65 -92 51 2 -47 99 -17 -69 2 -53 -44 -96 -29 -73 6 0 82 -61 -59 43 -19 -51 -35 -65 -21 18 -7 -42 30 -48 47 58 8 -6 -69 -13 64 88 -16 34 -86 23 96 -96 -28 -28 -49 43 -41 -68 88 55 38 -89 -69 14 -69 -64 -38 -17 43 54 60 52 -58 -19 8 -2 -61 27 -69 -99 39 -14 -4 -33 22 -98 -56 -98 43 55 40 -36 -69 -91 -20 3 -70 -1 -39 -49 87 -60 90 -4 88 100 8 -96 -58 80 -33 26 -57 -35
-78 6 78 -6 -86 73 72 -72 -63 -21 -97 22 97 -68 77 6 -65 88 62 52 -97 -69 -42 83 -79 -78 95 -10 -85 51 29 -18 -64 46 93 93 49 39 -33 -66 -32 46 -70 -10 44 -62 -64 -3 8 87 65 -64 -34 -72 9 46 56 42 77 38 -83 15 -43 12 -66 93 -69 -36 36 79 -73 -8 32 30 -85 -80 -14 17 -61 94 51 76 67 14 47 15 -35 28 85 50 -68 89 -49 86 -36 59 -31 95 -91 51 23 64 25 35 23 42 -53 -6 -31 33 -81 -95 89 87 -42 -57 29 -31 69 -57 -57 -58 34 26 -23 -27 -52 -71 -88 41 -69 -86 5 96 -65 -100 98 0 -8 -50 13 54 -57 46 -73 -5 52 57 56 44
96 -87 50 21 -98 17 -26 -99 -46 56 91 -75 -21 51 -15 -65 -1 75 90 15 72 -4 -88 -23 37 34 -18 -23 -74 -7 -29 -80 85 0 -81 -44 68 -13 -12 -95 58 -80 -36 -24 75 -60 -67 13 5 -69 8 -65 -16 7 -80 17 -41 46 12 -25 95 61 46 -75 -36 95 47 94 -78 67 57 31 79 53 8 31 -88 60 59 47 -58 80 4 -30 51 77 13 3 83 29 54 12 -17 -92 62 -13 2 0 -58 -69 -67 38 -26 -3 58 -56 99 1 -38 -95 -85 -17 14 14 1 12 -68 -75 36 32 25 28 56 -53 -1 -15 34 83 6 71 -49 3 44 -89 45 -66 98 -84 32 64 83 -53 74 29 32 -36 -6 -45 -33 77
63 53 65 68 31 95 -36 41 14 70 -31 36 47 45 -99 72 61 32 36 -93 -99 43 -12 77 100 -85 -1 83 85 32 16 -31 55 72 41 -58 -89 97 20 99 21 58 62 14 -96 -27 -64 89 55 -83 -57 80 10 -48 76 49 84 -68 -90 -90 89 70 41 -99 36 59 64 12 68 65 -41 1 -53 22 -51 -7 -70 -41 -1 -68 90 22 5 40 47 -28 2 -6 45 97 -16 -7 -51 97 -38 -16 -26 32 -75 -12 70 81 -51 20 85 -38 -33 99 -22 -26 -67 -4 41 55 -54 9 -83 -23 54 -65 -83 -51 -11 -66 2 -35 -60 -42 -71 37 -75 -8 -98 24 38 -18 -65 43 -11 -56 -12 -8 -41 94 10 -83 96 25 69 79
-63 -76 61 -68 -15 10 -89 -77 10 -62 -52 -26 37 -86 36 -73 98 57 68 10 31 1 48 63 -19 -77 59 -71 8 -23 74 -37 -87 -37 61 83 97 -24 18 54 69 88 -31 81 -18 -93 19 40 59 41 21 -79 27 43 45 35 -49 8 72 -39 68 44 -91 12 1 69 -54 55 38 -82 36 -29 -41 47 -43 -23 -7 54 1 -48 28 -33 15 -16 14 83 -54 -48 88 -98 48 55 86 90 -92 32 -96 16 -4 -99 52 -5 -14 93 44 19 77 -84 -41 -94 37 -29 -63 -79 47 -31 13 28 8 -69 -29 -94 -23 -19 30 -35 -16 96 -13 45 85 22 -61 43 83 22 3 68 -67 37 -7 -37 84 -63 48 66 3 48 79 82
-40 40 -19 76 24 -81 -100 -91 89 -16 1 52 -86 -98 -25 -68 37 77 -1 -96 -54 87 -51 -26 -69 -11 89 28 -98 -70 -46 92 57 -82 -35 95 -28 -10 96 0 -99 91 39 56 -44 96 93 -38 -58 -37 -82 15 88 96 8 -55 18 -3 82 -76 -22 -94 -57 76 -76 79 51 -63 -16 -26 -56 15 59 89 69 40 -85 14 -52 -73 -56 61 -77 -55 94 -40 -89 56 -98 37 -66 -64 -90 -13 34 89 28 26 12 -25 44 88 -6 -24 61 92 90 -23 84 -87 41 -73 -12 -69 -77 -64 -72 86 -68 -85 -46 -91 -20 -27 24 37 -19 -36 -61 17 0 -88 -23 49 66 71 -68 -59 23 -15 64 72 -34 0 92 40 0 66 74 82
-100 -24 -49 17 23 56 -29 25 27 18 -3 84 14 32 8 19 41 -70 -57 9 -32 29 -94 -39 79 -54 -72 38 3 11 4 -79 5 -23 61 75 -4 9 91 6 66 31 -50 -58 98 -81 92 -99 64 -24 64 -12 -26 43 75 -32 64 13 -64 -61 41 -65 -61 -56 30 47 -70 68 -93 -31 64 44 -26 -83 61 -9 90 19 87 -46 -59 30 14 53 97 -31 -4 8 64 95 0 -51 93 82 3 34 99 -13 22 39 -55 99 40 -31 70 -26 -85 86 94 16 -95 -83 42 -6 -7 26 -83 -53 39 -43 99 59 94 4 -44 93 -21 87 37 2 -11 33 55 3 8 -64 -83 94 89 14 -87 -43 42 37 27 -98 96 31 4 65
-79 80 13 26 27 -18 -45 45 35 -28 9 -31 -38 64 66 21 57 -81 -24 33 61 -74 -61 65 -63 50 -48 -85 11 -80 31 41 58 -57 50 16 41 -75 26 -16 -57 -98 -7 -67 79 -46 -49 -12 13 -70 -40 -50 48 -81 -35 3 -59 -68 -64 -58 -84 -26 -69 19 56 -30 -49 15 29 -52 -58 -22 76 41 -68 -20 -75 -92 58 68 -98 -67 30 -61 -92 54 -76 -79 -97 38 88 39 -78 8 58 12 -21 57 -51 39 -36 -13 -74 -6 -25 -79 77 66 14 -67 -37 86 42 -45 64 -63 -74 -91 38 -32 87 -90 74 69 2 -9 0 -26 -66 -25 61 -49 97 83 -82 -53 -87 -87 -80 -63 69 -24 30 100 -89 -39 -36 42 -84 -81
96 59 -6 -77 70 -20 21 2 -90 19 87 -2 85 -67 15 -52 46 13 44 19 92 22 97 -37 72 54 33 33 27 1 -75 49 -43 12 52 42 -11 54 -41 -63 89 -31 -67 21 43 -96 57 -10 24 -78 -10 -71 -28 -89 6 58 -28 -12 90 54 -32 -28 -21 56 1 -31 41 -16 5 92 -62 -67 -26 70 -28 72 64 -57 92 99 15 11 -46 -52 34 98 -41 -26 46 63 -55 63 67 -2 33 63 -18 -38 55 95 31 55 31 79 -3 -5 -36 88 -7 16 2 46 -47 -7 88 56 77 -48 -87 18 -81 65 33 -30 7 30 -90 -41 -5 46 -37 -95 74 79 37 -60 -37 -30 -84 -66 -99 -36 -18 31 -58 -16 -76 -31 64 -96
47 9 -25 -19 -88 -85 -14 67 11 30 52 -79 62 -44 -73 77 53 96 81 100 -37 -62 -45 86 -18 -53 -51 -57 47 33 -48 -2 70 -9 58 23 50 84 -50 -32 -37 51 49 90 14 64 -63 13 -95 64 -26 -30 25 -73 49 -88 -79 -29 -40 -90 34 40 35 86 -90 -57 79 -59 -9 -54 -30 56 69 -11 -53 99 -17 -64 46 48 4 -64 36 23 -10 60 -75 100 -75 -14 53 55 19 -70 -70 -13 -15 -25 -68 -98 49 -33 -75 4 -78 -43 68 -35 -8 12 -25 -48 -31 -66 -49 82 81 12 -58 57 100 34 18 63 81 67 -89 -75 -7 32 91 -90 -52 -55 -58 70 28 -37 -27 45 -92 56 32 72 -76 28 87 -78 67 69
-49 -20 39 51 42 0 -45 10 45 89 -48 -21 46 0 -23 63 -11 76 -100 86 -33 38 99 5 -70 46 11 61 -77 12 -83 -14 -92 5 87 -38 48 -93 50 42 -39 61 64 98 -51 -82 69 41 48 -46 74 50 14 44 -41 -49 78 72 64 17 67 -22 -10 56 62 36 -94 -5 70 -87 -10 39 -50 -66 90 34 52 -88 32 71 57 -30 85 11 66 -86 -93 -78 -42 57 -68 33 26 -25 -40 -1 -37 92 -21 -46 60 53 -23 -97 -11 -40 -37 -37 -5 -65 -30 -36 -31 -13 -71 -6 -41 -79 75 31 -19 77 -59 96 40 7 -66 0 -56 87 -81 80 -17 -29 -100 31 55 -10 -27 18 20 41 -54 70 46 -13 23 -49 90 -16
15 27 -92 34 -60 54 62 -5 33 -90 46 90 -8 -39 -42 76 -56 70 -41 28 -12 -25 18 -87 28 98 -7 -58 -35 -21 38 46 -54 -33 64 -56 88 -70 74 11 -91 32 82 -72 -88 -11 40 72 -35 -95 -73 22 -60 -48 -65 83 -94 99 -52 -2 -17 -26 68 5 -76 -16 49 40 44 -46 -69 -91 96 -71 22 -47 43 -70 -31 24 91 2 -54 100 -96 -62 -56 -48 5 85 53 -61 -93 -10 -100 38 -7 -34 12 22 -3 -97 11 10 -16 -15 -37 9 -41 30 83 -74 94 35 -83 81 71 -29 96 58 -47 -22 -80 43 -48 40 -77 -30 -79 -31 -41 -53 -42 84 23 -42 6 44 -97 18 62 87 -88 90 -8 68 -2 21 -31 81
12 -58 84 -29 -72 -56 -25 65 30 -28 97 -32 -64 -93 -83 35 27 25 -61 -24 28 34 -74 -90 85 71 89 -86 -61 -86 -3 -16 90 16 -17 14 84 95 -75 62 -80 86 -24 94 22 -7 -52 -42 97 -45 66 -37 -95 97 -64 56 -33 51 -17 100 57 -28 7 100 52 -33 50 -21 -20 54 54 -90 50 -87 29 94 -41 50 93 -75 -52 43 87 91 -19 77 -23 -48 -29 66 -31 77 -4 40 94 -33 91 15 -58 -35 29 7 -43 92 2 -64 -17 10 -21 97 49 -75 -48 61 -51 -47 6 -40 9 21 -35 -63 -71 -28 -83 -10 -12 95 -45 -49 -30 -49 48 -87 6 -59 7 -63 59 52 48 74 -63 36 55 -22 -68 -45 -66 67
4 -49 -28 13 85 46 -44 -74 -19 -54 43 -1 4 -90 50 -82 11 -6 -45 81 -9 -79 47 85 -3 79 9 92 -83 -61 -80 -70 -87 -81 65 56 52 -92 -55 59 -18 -49 18 -89 -31 30 52 91 -39 47 21 31 -17 33 96 -18 36 -2 98 25 -77 -68 -26 -28 -36 -56 8 28 29 28 40 58 95 85 -21 75 56 28 -99 -10 98 95 -67 -99 -27 51 73 -17 -59 5 -50 92 -11 -68 -4 -75 -56 -95 45 -40 93 2 74 90 57 -13 6 79 -38 -54 -14 -79 62 65 15 8 82 99 -95 5 -80 -93 -21 19 -6 79 13 -75 -60 60 75 90 -43 47 95 18 8 -82 -44 -51 93 57 -58 58 -53 -70 21 -44 -68 7
-48 -11 33 89 -99 73 70 82 65 -17 87 -19 -44 -27 -73 2 37 -13 51 90 8 74 64 -87 57 13 -25 21 -35 -57 -74 -28 47 48 -28 -81 -75 -62 84 53 -21 51 99 89 79 54 -5 -28 99 -27 79 -99 80 -49 48 99 -65 -7 35 -60 92 2 73 91 74 75 -7 2 31 84 18 21 59 -52 61 -95 47 43 80 80 -93 51 -3 -57 -85 10 -24 24 38 -21 94 18 64 90 82 -47 92 25 -66 96 63 5 93 -6 -81 32 -22 -53 48 -14 19 37 55 -73 10 48 -12 -26 -82 -89 -50 -93 -19 -61 38 -16 100 -36 41 -58 -39 53 -50 -36 91 -90 -88 -46 -11 90 -3 -75 -83 70 -15 -11 98 34 42 -44
-17 -15 57 -45 -8 41 -54 -27 -8 67 61 -93 -53 -79 9 59 59 -24 -27 35 59 -47 -96 20 79 42 -9 71 77 -39 6 -24 56 -39 99 -59 -32 5 42 35 75 -24 -36 26 37 49 -29 -10 18 91 -86 -56 -94 -40 60 69 37 -74 89 -6 1 -94 -71 37 -96 -87 86 -40 80 -32 81 4 -15 4 62 -69 61 23 -56 74 7 -24 -40 84 -36 -54 90 -66 15 45 -89 15 -8 -87 31 95 -68 -1 -50 27 -8 -81 33 -29 -86 36 52 -45 14 -87 0 -90 -81 -81 -96 -53 -15 -32 -82 30 17 89 12 9 -58 -69 16 17 -9 14 34 -12 3 62 53 47 82 -81 5 -12 43 -46 78 50 94 69 -41 -73 -49 -87
-19 47 49 -50 9 -70 42 -75 31 17 21 -47 -99 40 -73 -89 -46 -53 -39 -69 -77 -13 -14 83 83 11 27 -83 -4 -98 -86 69 65 19 10 -19 87 -11 -48 -92 90 11 97 57 33 -50 -90 81 25 20 84 35 -20 86 77 -29 70 13 -60 -16 -6 -69 28 81 25 42 23 -44 62 -43 93 -16 40 -44 38 83 -18 39 -6 -78 -9 -20 5 83 92 -10 12 78 -17 95 45 -26 26 -63 -38 29 95 -66 -91 58 -84 -20 58 -11 -4 75 88 -80 -70 69 71 -30 11 -5 89 -13 -64 -94 62 81 -47 -5 9 -64 44 21 -48 -11 61 -73 3 23 -68 -24 47 5 -91 -74 -58 -88 53 34 10 -91 86 25 92 -32 17 37
88 20 50 -77 50 35 83 47 -27 28 24 -27 -51 -78 -1 3 2 78 79 -37 31 -40 90 2 -71 40 92 51 -27 91 -26 -42 -89 -54 -86 46 39 -16 -91 60 -81 17 -57 43 29 65 77 58 52 77 -64 16 -34 60 78 17 -15 -87 -43 4 19 82 -51 24 100 1 -65 -12 -13 98 73 87 -23 94 30 -12 26 -80 86 -53 84 42 69 72 49 -13 93 -64 0 12 -10 -62 -3 -3 45 -65 55 6 -36 13 75 -67 49 -27 -17 -67 -71 61 76 49 50 -17 21 54 31 -40 28 83 49 19 -21 -53 91 -68 -89 -55 -21 2 -76 -92 9 100 -31 85 44 7 78 15 87 31 37 14 42 -96 -21 73 15 25 -46 -73
-83 53 84 -71 6 84 -37 84 -96 31 -78 19 -58 -65 38 -35 85 48 -97 14 70 1 50 -74 -50 19 36 27 -68 -42 24 -74 40 -5 15 -23 36 -74 -21 91 97 -65 93 58 -54 27 20 -54 -97 96 -99 -87 16 -8 11 17 -68 -42 -45 -82 -50 -13 -24 24 -36 -8 -45 -82 13 -81 -72 -96 28 -42 -91 -10 67 27 25 -46 69 43 -40 -12 83 -12 91 22 11 -54 94 80 68 12 63 27 27 -86 -17 -40 41 -71 -6 73 -81 -65 -61 -41 -59 -89 -87 73 85 -61 54 77 -7 69 4 23 -17 -32 35 -54 -75 88 25 -75 -1 -17 -32 -44 -5 1 41 16 -39 -31 62 38 -52 -58 72 76 -45 -54 100 45 -28 -16
-22 30 -84 88 40 -99 46 -95 -6 55 -25 -23 55 64 14 -80 29 65 8 -77 -27 47 55 16 -9 84 57 71 79 100 36 -70 2 -50 -22 66 30 97 -70 22 -47 91 49 59 8 22 -40 -46 32 -35 100 -25 0 22 73 -65 49 78 38 -95 -14 89 -12 -78 34 -89 -56 -5 16 16 -58 94 40 11 28 0 93 84 61 5 1 -34 96 13 39 -94 -54 -24 -81 -79 36 83 -25 63 -98 96 -1 -97 -14 -64 78 -89 -88 -97 74 98 45 -6 76 68 -55 -72 -58 -83 3 55 -56 -32 -85 -64 -83 7 31 69 -83 30 -38 91 -3 9 -17 68 -51 86 78 11 -62 -19 -8 -36 41 -16 -55 -58 -23 -8 42 -8 -44 -94
-74 -87 63 63 -95 35 -30 -78 84 -44 49 95 -17 -34 -90 9 -64 72 56 83 46 54 95 -83 84 -9 43 37 82 2 60 75 8 -42 -18 -37 88 -87 73 87 10 4 64 -91 -100 -59 15 -40 -50 91 -66 -15 77 -91 -88 7 -97 76 57 84 87 60 -100 -91 75 89 -48 12 -37 -32 -40 -14 -29 16 42 -44 -84 1 13 -18 22 -98 -100 88 -67 58 93 14 21 -79 46 44 37 -8 -59 -63 81 40 41 -13 -58 60 -96 39 81 -33 -48 -14 -68 -18 26 -52 77 -19 -96 71 -96 7 19 -42 -47 60 -56 -67 -7 93 22 -29 -1 91 -43 17 -94 2 -76 -39 42 -54 93 26 -84 -45 36 92 35 16 55 -20 87 -51
-45 35 57 53 71 90 -94 10 4 -63 -66 -45 -93 -40 80 37 -36 -56 -92 -94 -56 -39 -46 6 88 72 -71 27 20 55 31 96 96 -62 -12 -14 -93 -25 -71 -36 17 -3 -2 -24 44 -22 -38 80 16 -11 -29 63 -88 26 3 2 22 -40 5 25 -93 10 86 45 96 67 -85 -83 -31 -46 57 40 -6 -33 41 88 -69 80 -100 81 32 -6 94 -79 -2 -99 -79 -9 26 -75 -39 21 3 67 -23 34 18 45 7 92 -44 -82 78 -87 37 20 67 90 90 -41 27 74 -6 47 -9 -91 -4 70 -2 30 37 79 20 -22 -25 -30 -27 55 94 -44 2 17 36 30 70 -68 64 -19 -92 38 -84 -55 -23 -78 88 -98 -81 38 -20 -28
74 -52 10 -75 56 12 64 -52 54 -76 -57 49 65 -37 35 -62 -74 -57 -87 53 73 -66 -82 -40 73 42 -10 57 100 -26 -100 20 12 28 60 -59 30 18 68 7 15 -12 -63 27 -66 -38 -85 2 85 41 -59 20 85 -10 -18 -72 95 -2 18 -80 -34 59 -56 32 42 57 -13 -22 100 -36 39 -40 99 50 -54 35 6 85 86 -58 -99 26 -33 -92 -22 -81 -22 32 -30 -26 95 33 -33 -18 -21 -2 -14 12 -76 -58 73 -31 -27 -4 92 65 17 94 1 40 91 88 42 -62 -69 -53 21 51 84 87 42 29 -50 94 -89 9 -33 62 -92 26 71 -70 68 -30 -67 -53 -54 -5 83 98 38 87 -20 -23 52 53 66 22 78 47
17 23 -51 -90 18 1 75 25 -49 72 2 -51 -29 -62 7 -5 91 66 -59 -38 -71 -74 8 -94 69 -30 -24 -85 54 2 -13 -27 36 48 -37 -58 33 -63 52 69 -14 -99 -81 87 -54 91 -62 -48 -60 -14 -36 8 -19 37 46 -64 32 -72 39 -29 74 -92 83 -79 -62 35 -91 -22 -19 49 -6 54 -83 -63 -75 50 44 -65 14 -75 -63 94 75 84 -32 -50 -57 -73 46 -50 -88 -6 -5 46 53 -35 76 -81 0 -39 62 -19 -67 98 58 61 62 27 66 -29 1 -95 -9 58 -40 -45 92 28 74 56 -20 25 -7 -16 48 63 95 61 21 -51 -27 45 55 73 -75 87 48 41 66 -94 -67 95 -92 -11 34 1 85 50 -67 54
3 -41 83 -63 -64 31 -31 -40 17 -81 81 67 7 -34 36 90 24 -99 96 -49 70 18 94 -25 -45 65 45 65 88 -89 -58 3 97 93 -40 -5 -45 21 -58 63 10 -69 -58 8 -99 -96 38 -76 -11 -60 15 -94 47 72 -51 -60 -37 36 -47 21 -32 31 48 70 -81 -24 36 -58 59 -88 -78 48 -85 -11 -100 59 -86 -26 51 -59 -2 -45 -16 84 1 -20 -38 97 30 70 20 79 80 -82 -32 45 75 -43 -4 58 -83 82 0 -99 58 76 2 -86 -88 -89 89 -44 -77 -50 -5 59 -16 59 81 -39 -74 -1 -12 -6 -17 -33 82 -44 -61 -42 18 -13 26 27 -56 -10 -36 -38 -37 -83 -39 -66 96 -75 -12 -78 -10 87 78 90
65 -99 -80 27 84 -31 -39 -63 -2 64 88 -97 52 90 89 6 62 51 19 80 -60 13 76 -34 32 -25 -79 14 -53 12 -17 69 -97 -97 -6 11 -85 66 -25 49 -64 -82 -13 0 10 -54 -71 67 -45 33 2 -39 67 81 -76 -96 44 3 9 -72 21 100 -25 -75 87 73 87 26 -8 -62 93 10 -27 46 -44 87 46 43 -28 -83 -69 -50 37 27 -16 -79 51 94 -98 60 18 -37 -54 29 84 51 70 69 57 -92 -68 -47 58 -48 42 -94 80 -82 21 -29 88 -24 -8 -92 -83 73 74 -63 85 93 -5 40 71 22 77 -10 48 -62 44 -51 -67 -60 57 56 25 -87 48 -29 -31 -97 14 65 88 -75 -77 97 -21 -16 -80 75
57 -46 -92 -63 57 49 71 -61 60 63 54 -32 43 -78 -53 79 -54 -37 -88 -58 43 92 -44 -29 -75 76 92 -59 -72 56 89 -88 -51 31 28 -57 74 90 -49 -2 -81 -62 -58 -17 -56 -60 -98 81 79 57 -14 81 24 -34 34 -81 -47 71 74 83 36 66 -11 56 17 49 -44 100 -2 -81 36 11 38 -58 -34 -88 54 30 -33 -8 48 41 17 36 26 25 -54 -43 2 -96 10 -92 -76 -46 -76 -2 -84 50 69 -65 -12 -86 83 12 78 9 -96 59 78 -41 -9 35 40 86 -70 -54 -87 46 -25 -26 -53 -26 -30 -15 30 41 74 -61 86 -16 -38 99 -34 -28 1 -1 -6 -82 -17 38 11 -56 53 -45 -21 78 1 -7 37 -60
37 -97 -84 -43 -88 -53 10 -17 1 29 94 36 -50 34 -28 -37 -65 66 41 67 36 28 53 -76 -68 60 54 -78 -7 1 -79 -75 48 88 -51 87 72 85 40 85 4 -92 39 46 45 70 97 -21 -38 34 95 -43 -10 -49 -4 88 -22 73 5 11 -6 -91 37 13 94 65 29 -87 -96 -68 -86 -33 29 49 -87 14 -46 -53 -83 79 -9 -23 59 -74 -63 -73 -75 79 -83 89 99 -36 -14 1 -16 87 83 -9 -53 -9 36 -68 -18 -93 -25 -66 -22 61 77 -21 -67 -37 38 29 -16 -95 88 71 -94 82 -39 73 74 -85 64 -31 13 7 60 -75 32 -77 62 66 -20 0 9 66 -97 89 67 -98 95 75 69 30 -93 67 -24 49
63 -7 4 -42 -93 89 -57 -92 2 -96 -79 28 54 83 9 61 24 46 37 -52 -100 69 1 11 -19 -44 42 -67 -16 -77 -47 18 38 -72 18 54 43 -30 -56 -76 -17 -12 35 21 89 -3 72 83 -97 12 0 7 86 37 -42 15 -72 11 67 -75 52 -52 -95 -26 30 -25 86 -88 -21 -92 -99 -66 33 -55 -14 -36 8 -87 55 -62 61 -12 90 69 53 31 -1 -53 53 54 1 49 -87 19 -30 0 46 -83 -4 67 -43 35 -66 -49 -69 69 -31 -96 -27 49 100 81 97 36 62 72 -20 -100 54 67 36 -58 -99 39 67 86 -27 29 -59 89 44 -22 -97 46 97 -25 -10 -43 25 -89 66 -68 21 -69 63 79 85 68 -14 -52
-39 39 53 63 -30 -29 -29 -57 -98 100 31 -31 16 -37 -61 86 -61 -13 -56 53 70 53 47 92 32 4 96 81 75 -44 -44 51 -78 74 -28 -44 17 -4 0 52 -16 44 27 -43 78 -25 28 100 -44 20 -42 -62 47 -72 -2 83 -25 -79 -91 -23 13 -95 37 -62 71 45 -14 -19 -66 21 -82 -79 96 62 34 82 -39 35 -70 -63 -22 -62 -13 -89 63 16 67 -86 7 97 23 -44 19 2 -92 96 46 -36 -39 -8 79 -26 -12 -21 95 4 2 14 -5 -92 -88 97 -32 -29 45 -52 -34 -31 8 -71 97 40 -88 -33 2 4 -26 -37 -36 -99 -97 45 -40 13 63 30 82 -100 35 -97 36 -97 -98 26 7 92 51 -26 59 -25
-21 -88 -55 -9 -93 -43 -32 -61 69 25 65 10 70 -26 39 85 -12 9 46 71 31 59 -21 -52 0 37 -26 21 -5 -69 58 3 56 -1 15 15 -23 -52 -44 8 20 -2 15 20 -3 -57 65 -47 -59 32 28 42 44 -9 -64 49 62 39 82 54 -7 16 50 94 -38 98 44 68 -2 30 -59 16 28 -37 41 46 -83 -93 -31 42 -73 -38 -24 -49 77 93 -64 58 -2 56 -10 -31 10 72 -88 -62 -100 80 -54 -2 -4 63 52 7 -74 86 -4 89 67 -24 -45 30 86 -81 -44 -84 -43 100 -38 60 71 69 -16 -17 83 -84 88 -81 -68 78 27 58 -58 79 71 29 28 84 46 30 83 11 43 26 -55 100 72 -87 -9 -31
10 -18 -48 -29 -99 32 71 69 44 -94 -4 90 -65 70 -20 -76 31 75 33 18 97 -20 -58 57 51 78 85 6 -46 22 -60 83 37 3 100 66 66 36 12 -16 -2 -68 57 -92 3 29 11 -12 57 9 -61 51 -25 -69 14 99 98 94 -97 -32 -44 -67 -15 -58 48 12 79 -51 -71 76 57 8 7 39 -57 26 23 19 -29 68 -31 -45 92 84 56 -15 90 -27 -81 -68 47 40 99 -100 -15 58 83 -20 13 73 41 29 13 32 -83 77 65 52 -52 -34 -81 -19 3 -85 42 43 -20 -8 23 -15 -51 47 57 -34 52 2 -49 71 51 91 -44 38 -93 -60 -49 70 -99 -83 83 -21 69 -56 -89 -17 -91 -20 79 71 79 -53
55 98 -28 -10 54 73 -77 17 -63 3 47 -8 87 -12 30 -48 -36 31 74 73 48 -21 64 99 -93 5 -39 -82 -44 73 49 -79 -8 -78 77 38 -77 -63 -67 60 -14 -96 21 -65 -94 11 35 -94 20 57 73 -27 43 29 91 -49 62 2 -43 -15 -24 -57 10 -39 -73 -35 -70 100 -29 -16 -36 16 52 -92 -33 -13 68 -68 62 -86 53 19 -22 10 -58 -61 51 37 -39 -50 -46 46 -35 65 -70 -80 75 -83 -22 45 83 15 83 -25 22 -40 75 -12 4 -81 -77 -82 25 -7 19 31 -47 77 77 -47 41 -64 4 88 -59 -29 51 -81 -31 -75 40 77 -33 -3 63 77 21 -99 -6 -77 -99 80 44 -4 56 -31 39 -8 74 58
2 85 28 46 74 44 22 60 94 56 -70 55 -11 19 4 29 -54 -1 61 94 4 -95 -35 2 -67 71 11 28 -44 -25 41 -2 -47 3 11 47 5 -33 -35 56 -83 -84 -31 -6 10 -34 57 -7 35 -93 -7 58 -84 -29 -80 -54 -92 -77 -23 40 74 11 27 -54 0 36 -98 31 -95 -98 96 10 -89 -43 12 -35 -89 -32 -26 34 49 35 5 12 14 -83 86 3 66 -21 -58 -16 -11 10 4 76 -59 -51 82 -90 -45 -94 -5 59 49 -26 9 -89 -70 34 96 58 70 -56 47 84 20 -44 -15 -28 98 -24 -8 -8 14 92 82 35 -53 37 17 41 -95 -26 -61 61 52 84 -20 66 14 -59 -66 72 35 99 -98 76 -2 -57
-13 -10 94 6 -18 -25 -55 -47 93 42 2 95 -61 -93 -6 62 50 -88 -6 6 58 49 -8 -39 87 -43 -64 97 -71 92 63 -97 33 -20 -77 -91 63 -85 86 -20 -55 -32 12 -43 -89 7 -13 41 -71 -59 -65 -12 -98 76 60 -42 -38 20 -94 0 -38 29 -47 -69 -11 61 28 -2 -27 5 12 -15 -77 -100 -69 16 43 -90 -33 -70 18 10 -50 -95 57 -50 74 -14 10 49 83 -50 -28 -2 92 53 69 -23 -39 23 29 -43 4 5 -97 31 8 -46 -50 55 17 65 41 -56 44 43 81 -54 -57 -78 -63 -71 -10 -55 70 81 -88 34 68 15 -64 21 -48 -85 39 -53 -64 92 -69 -19 -11 34 92 56 30 49 -34 -54 -58 94
-59 91 89 -77 66 -25 67 24 -19 34 -34 99 -76 15 35 14 67 -21 15 -32 -8 92 -11 91 89 -18 -20 -97 96 -6 73 -17 -92 63 -40 -64 38 -22 75 -67 46 45 88 71 9 76 -20 -20 73 50 -10 89 -64 -74 -5 -87 19 36 -70 -38 10 -11 20 -41 -59 4 -71 -60 -91 -33 52 -21 62 -47 18 -73 26 65 51 20 -65 52 79 -5 -83 44 35 -90 22 57 81 11 49 -85 -34 72 -69 -22 11 -63 17 64 -68 47 17 -84 8 -36 97 -14 45 -52 62 -15 19 35 99 -39 18 82 69 13 -33 37 -29 92 29 71 -65 -45 -64 58 29 70 73 -76 -88 -40 100 60 1 -77 -70 -57 -36 70 -5 -32 -83 73
51 -45 -44 31 -15 70 17 -87 48 -60 21 48 -88 -19 26 26 68 -9 -62 -23 -49 39 58 -83 -69 6 39 92 21 24 93 86 61 -83 -19 24 -33 61 -37 53 10 57 2 72 -10 44 -10 -48 56 90 -18 -10 57 48 79 -74 28 -12 -10 23 -65 29 67 39 53 -22 32 89 16 65 -83 -62 -75 -15 -38 53 94 -51 -34 32 -80 71 -62 19 16 67 88 -97 -78 -75 -3 21 -2 28 89 -43 -95 33 -88 -96 -94 17 8 95 -94 84 -15 -28 69 41 -62 -92 70 51 -37 -95 96 -97 5 -44 -82 -94 -41 82 -91 -15 -79 95 85 3 -76 -74 -11 19 -63 55 -56 75 -60 37 -65 -52 41 96 -10 -53 -19 51 -93 42
-20 -58 -2 86 -47 -1 72 76 -97 17 52 -95 -25 -35 28 -14 -14 -2 82 98 79 29 -64 -100 5 24 -33 -6 8 -50 75 56 69 -36 -15 86 63 -91 79 -61 2 20 -48 -24 81 -45 16 -28 73 -46 -19 72 23 29 57 14 60 -68 32 -42 -78 -52 -78 73 89 -8 -79 3 43 5 78 -23 -54 96 91 41 23 12 70 40 -43 41 83 -34 -73 -4 30 -70 16 75 -94 80 -84 -83 -28 16 61 29 -20 -99 -15 95 34 3 -22 -66 -76 -77 -29 -38 22 -19 -63 7 71 -30 -51 53 -81 52 82 -1 44 77 -26 20 -13 84 -97 29 79 -43 -18 -68 -49 59 54 -30 41 34 35 -98 -11 64 -43 -41 42 -81 40 -84
40 29 -64 24 -92 62 -76 6 -26 27 -67 -1 -78 -13 25 -30 -35 59 -2 -1 -2 30 -15 -95 73 50 -13 -6 -92 96 -84 -55 65 -25 3 97 -96 53 -62 -47 -70 -60 -74 -1 -35 70 -62 -84 -46 -55 51 -37 -24 45 53 -70 21 -15 13 2 14 84 3 -38 -75 -66 -60 27 86 36 68 -40 48 -56 -25 76 -11 -19 -84 66 91 5 -50 -5 69 32 -26 -99 -19 32 26 -85 50 -76 -68 58 8 -28 -3 79 80 -29 -11 79 -96 82 30 -37 -22 -64 -4 22 30 54 3 100 78 68 27 -35 -67 4 -13 54 -45 -26 -31 -98 60 -47 -94 -94 -26 -44 61 -93 12 72 -93 -55 -31 56 -52 -11 -7 -47 81 48 -53 38
91 51 52 -76 35 19 -2 54 50 1 -4 -30 74 32 -29 41 -35 67 -27 52 -40 -66 -39 -65 -59 -7 -27 90 -32 -19 33 -91 84 -15 -94 -88 55 70 92 81 32 -84 27 25 -74 78 -54 -81 -64 -31 -20 -10 46 1 -27 37 8 28 -99 -28 60 80 -44 -88 -33 -23 30 -13 54 79 -63 77 -68 -40 -10 16 85 -13 93 27 29 -50 43 -8 -73 -88 -33 -85 -14 95 7 56 -18 95 82 25 -5 -43 -1 46 -75 -68 20 80 42 -11 11 70 -88 11 -75 -98 -99 87 93 -85 -84 -17 -61 -54 2 34 -8 -49 -4 -14 -44 99 24 -49 -91 -91 -68 91 -80 -47 -66 50 22 -100 30 -4 -37 61 -1 -64 66 -2 -82 -44
10 -80 -87 -22 41 -74 27 26 -24 90 20 -82 30 22 16 -94 -25 34 -34 76 97 -79 -27 -24 49 64 5 83 99 -25 8 -2 42 52 62 77 -11 -52 78 -67 76 -88 -27 94 -90 -55 92 1 96 95 -93 -8 -81 43 83 8 -95 16 47 -59 -4 63 18 -1 -14 -44 -85 3 57 30 22 84 -20 -53 -3 83 -21 52 -18 -64 13 33 10 26 -3 98 -40 -19 -45 66 5 99 -92 -15 -78 -64 -78 -7 18 -85 -95 -65 -96 -51 22 45 -27 -64 -56 59 -38 -57 -88 -44 -54 -78 -75 62 32 52 79 22 -80 21 -96 21 -90 86 -84 46 -15 63 13 -90 87 13 -41 7 6 94 84 25 22 97 -66 28 19 -95 -11 72
25 58 -43 -15 -16 -12 89 58 -38 -38 14 -54 -76 18 49 44 32 93 -32 14 12 12 5 -73 -34 -30 -67 68 32 -23 9 9 -70 -66 64 -14 -65 20 58 -41 -25 40 75 2 -93 -83 -42 -82 -72 66 -86 44 -25 80 81 -76 30 12 66 -75 96 -6 -92 77 93 1 81 -21 -78 51 6 -32 -31 -90 99 95 -68 89 98 4 1 -98 90 -49 -43 -34 -48 100 -76 -52 -17 85 99 12 -42 14 -61 82 -62 -73 36 3 -14 19 100 19 -65 96 39 -18 -64 90 86 -82 16 61 23 -70 34 90 52 -36 -100 53 -79 -65 -72 36 -92 94 -45 -100 58 65 49 15 -86 4 -34 -63 24 25 -60 28 -31 5 -44 29 -36 -29
-33 -73 95 -54 52 66 7 50 94 -49 -10 55 63 -5 -91 100 -60 26 56 -75 -78 -20 39 34 -41 -48 -83 97 -89 -37 -99 -35 -13 52 91 -91 77 65 -2 100 73 76 71 46 51 -82 -74 -32 31 -98 -80 76 -79 -67 -4 -70 -55 38 -95 84 78 67 -97 -89 55 78 -56 -17 13 -8 -98 -99 93 13 66 65 1 -82 -34 -93 -24 57 -94 -82 49 30 78 -60 95 17 -12 -36 37 60 7 34 -52 68 91 48 4 -58 23 -72 8 83 -37 -58 27 26 -46 -92 33 -54 -24 34 -43 -28 -71 -17 -79 -46 -46 -93 5 22 40 -78 85 3 -5 -43 -70 55 91 -56 -35 91 -84 66 41 93 58 -66 -38 -30 30 -75 -37 55
-64 45 -4 -28 19 94 89 -42 -39 88 67 56 -36 66 -48 -16 -24 -26 18 -29 -39 -15 -69 22 -47 36 -52 -62 65 99 -94 -1 -43 37 76 56 44 -68 -89 11 -48 18 -80 -17 -57 -41 -62 44 55 -34 51 90 64 67 16 -49 44 -56 64 13 -69 -93 21 97 -30 19 -51 -46 91 -41 98 35 -44 36 54 68 -99 53 86 -82 94 -72 -30 -12 70 -93 -24 -57 -21 -71 56 39 -35 43 87 0 0 -86 -84 -96 14 59 -96 -63 62 -6 -18 -70 -24 -63 66 64 -85 -39 -77 46 -8 -62 53 55 56 -37 23 64 61 -13 86 -24 -54 38 86 6 -89 75 64 45 -54 77 -76 22 27 -52 10 -93 -88 -7 -40 72 -32 72
-34 22 71 74 -14 39 -7 -60 -17 59 28 0 57 6 42 4 39 -93 18 -28 -35 11 66 -100 54 90 -96 -7 -100 7 -100 -40 34 -39 65 -3 -4 14 11 -2 -91 77 90 -12 46 84 3 -32 -32 16 -24 58 15 -6 -97 44 92 -53 75 -30 95 70 -24 93 42 68 15 6 63 59 -23 -36 28 -90 -28 83 44 42 -87 0 77 -62 30 81 37 -77 31 -50 84 -24 65 73 -5 29 -70 -67 -90 36 -89 -94 -94 -35 -47 -23 33 -47 93 -39 50 -26 36 1 -91 -78 -33 -34 -61 -98 77 -74 76 58 17 -99 -88 40 4 91 -28 93 -27 -25 -73 -84 2 -1 -66 -77 71 -29 -23 56 -64 -42 -11 -15 62 87 0 66
-96 82 -28 6 -99 99 73 -41 -27 39 -10 -83 -25 -69 -92 69 65 6 -55 55 26 80 54 -25 -12 6 -27 77 -65 5 -67 85 -9 -76 -72 -9 -25 -1 -23 -60 49 -94 -97 -47 55 -73 -71 90 99 99 4 70 -33 2 85 28 77 85 19 -17 42 50 86 5 69 2 -13 5 -65 -26 33 -14 -12 -64 75 -24 22 60 -21 98 98 -24 14 -54 -17 100 -30 17 41 -92 50 -75 -20 84 9 97 23 67 77 7 5 20 -42 66 17 -47 -59 89 -12 77 2 -47 39 71 53 -68 60 67 39 84 -100 -86 -63 53 57 -89 25 96 0 47 -76 -15 -97 15 -4 64 -47 35 -23 93 -90 -36 17 8 -3 -52 92 -90 44 -55
-73 99 -53 -36 -65 36 -19 87 77 9 -13 5 -38 23 -16 42 38 -76 -79 -80 18 -21 33 46 -30 83 6 -93 -68 -36 93 -42 -21 20 -42 64 -74 -5 93 67 -64 -42 -99 -40 -79 14 -63 -58 -68 15 -77 -52 99 -18 96 72 -3 39 54 84 93 -72 -98 -54 -40 -96 -46 79 -79 36 49 76 -68 -43 -15 -64 -56 81 69 -31 -7 -5 39 -48 79 -74 47 52 -99 -97 19 39 82 95 -6 -76 72 -91 -68 -96 -61 -67 -89 46 29 6 -5 40 7 -18 -57 -60 -29 96 17 -5 61 -43 -76 44 51 -31 77 77 -94 -48 72 -24 38 44 15 -99 91 -55 21 -99 78 -86 -57 43 37 -39 90 -27 17 -92 52 -41 51 -57
86 -99 -94 52 -79 46 -41 -13 -51 74 77 -3 -31 22 -69 57 -82 77 -5 -51 44 95 8 -75 -21 -75 75 -84 -17 47 -77 -64 -70 -98 50 15 37 -40 -39 15 -47 -94 -54 -14 48 99 -31 70 12 25 41 -38 -2 9 70 16 58 -65 -10 99 7 -33 -60 -89 -66 81 89 90 12 -93 63 7 6 -38 72 -84 67 4 99 8 -86 90 31 -32 3 71 -21 -26 0 -17 -59 -95 -93 -47 98 -15 -45 -13 -85 -70 34 -40 61 -92 77 92 53 -93 18 74 -95 77 -58 -61 -47 91 -99 89 14 72 -52 50 52 -49 -96 -33 -80 24 -37 23 34 -60 61 -40 -83 -80 -27 -18 -44 78 -45 34 -43 29 -64 77 -30 -10 -10 73
30 -62 -98 -60 -100 -34 -89 -41 17 55 -1 -18 57 21 43 -64 -76 -81 86 -89 21 42 -44 19 -3 -77 -99 -47 56 -83 -95 -50 -74 73 77 -30 -100 -77 94 -19 59 -7 70 10 -9 -40 -45 -31 68 -43 -90 -52 58 -88 93 -76 -79 95 82 -86 -30 -21 1 -88 -84 -6 81 16 -57 10 -3 -36 85 26 13 0 60 -60 54 -75 -74 92 65 56 -98 -24 -55 66 8 -30 -81 -52 49 -43 -95 44 28 -43 -50 95 -80 85 -9 -6 97 -51 -83 100 -2 -22 -71 -62 93 -49 30 52 -12 -50 86 -61 -48 -27 -18 70 2 54 80 82 80 85 -28 -69 -74 -79 16 -56 29 -53 -93 61 -23 -88 37 -39 40 -64 -92 -36 92 -58
-41 28 4 -22 -20 -64 -27 24 32 -86 -36 5 -100 7 -66 -82 -65 -19 -18 -1 94 -88 5 -7 -94 85 100 18 91 -77 -66 48 15 37 -53 40 -64 88 13 74 27 7 -28 24 39 -28 87 55 0 58 -17 23 9 -21 92 56 -79 -17 20 48 43 61 -75 39 96 58 -30 -45 -99 -79 20 30 48 75 -64 28 29 -34 -45 -73 5 -63 -21 63 87 84 84 12 17 43 -5 29 -40 -32 42 53 62 -27 75 5 92 52 -23 -17 -94 -7 31 -86 -88 -2 82 -50 -82 58 -30 -38 17 -73 91 47 93 82 83 8 -18 -10 94 39 -16 75 -24 80 55 61 65 -95 28 88 79 -80 29 85 -30 -86 -84 -76 -7 -82 -19 6
99 -95 37 -54 16 70 30 -94 10 -55 71 17 79 54 8 -10 43 46 89 49 81 2 -34 -4 -32 -85 -32 17 1 -35 21 44 73 18 -59 19 76 82 -77 85 41 47 -39 34 -2 -98 71 52 69 -35 -85 33 -81 46 53 -1 -53 -100 -6 -84 -45 82 13 -28 18 -10 -96 27 41 -20 -32 46 60 -81 54 24 -51 -45 -95 -81 -57 51 -61 -30 -69 -67 -9 59 -72 1 34 41 -70 76 69 57 33 47 -45 56 -47 -69 42 -56 37 -86 -19 -24 -35 -72 57 22 -100 2 40 26 46 95 -2 -57 -47 -35 78 -69 32 -22 45 52 -69 21 -7 79 31 -74 77 -39 84 -65 -29 25 -52 91 -24 -26 -27 -8 -13 34 -6 92
48 -25 -89 -85 -92 1 22 -3 29 -10 98 -63 -76 -93 -39 82 83 24 -83 1 43 -18 22 -67 -26 -37 -88 57 27 -90 -74 -50 -96 21 73 75 -3 1 -73 28 -29 -100 -19 -75 -26 -24 80 2 -85 -40 -73 44 -58 9 80 57 95 -14 23 88 -7 9 -13 -45 -40 -49 -14 -3 26 0 -1 28 -64 -58 66 -92 -71 -85 -5 24 37 23 -40 61 77 79 13 49 -67 -88 28 -72 -1 69 96 79 -96 -42 48 -84 36 24 89 90 -37 -46 35 7 24 -12 48 84 67 -60 -80 60 -43 -72 56 -39 -48 55 87 54 3 98 -51 45 -8 -3 -53 -77 -84 -52 69 -73 -87 -88 32 -55 -42 86 -45 10 61 -12 -27 -65 21 -64
88 -68 93 -25 72 -83 -60 -50 94 -97 -37 -8 -69 -36 -26 99 1 77 -34 9 -88 -30 26 -86 -46 94 88 22 -18 -11 -21 -1 -42 75 57 -31 43 -93 -26 -94 -51 -96 -48 39 -75 -43 55 69 14 68 52 66 7 38 -100 9 18 -28 2 55 -27 32 -28 -90 -15 58 44 10 67 98 68 -70 -68 -84 -80 -43 4 -89 -31 -83 -1 -6 -36 -84 -6 31 100 63 -49 62 -70 -67 -76 57 -40 65 68 97 -85 90 22 -56 34 -95 -81 -10 -20 61 30 17 54 -62 -79 -18 -70 -12 -85 79 -38 88 -22 0 15 -2 -56 -94 6 39 -91 2 77 -77 50 16 -52 -85 -73 69 29 -4 90 12 2 99 36 -93 3 -49 -69 47
99 62 -63 66 60 63 20 -44 47 41 -83 60 27 55 75 27 61 -94 -25 83 0 77 24 12 -90 18 12 95 -81 -45 20 6 99 -100 -33 96 82 77 -40 17 24 23 -47 -64 53 91 96 75 -70 -90 21 15 -9 -30 71 69 -26 -34 0 -1 52 4 -16 70 -12 7 -53 57 5 -79 30 -25 -32 0 -48 42 51 -85 85 -96 53 83 75 -50 -24 26 87 96 -41 89 -62 -41 -83 -43 13 70 29 4 -65 29 -9 -96 78 -42 6 -83 33 41 99 40 -37 29 61 15 48 51 72 -59 -66 67 65 -8 -76 97 -64 -61 -6 -76 -65 88 -99 7 -17 -40 -54 -78 -6 85 65 29 -19 -71 6 3 26 31 -43 -81 62 -8
31 13 -84 67 84 -64 93 -24 -70 14 79 -79 -47 23 95 39 -25 -70 68 6 -30 -96 -53 96 -51 -81 -11 -96 -35 87 36 -33 -38 -87 57 58 -94 -28 -24 68 1 -21 80 -24 -12 14 30 26 -53 -85 -87 -40 91 -36 -26 -69 100 -84 88 92 -54 55 12 6 95 -93 -37 42 -43 -89 90 -10 5 -89 20 27 -50 21 94 -6 10 93 50 -74 -70 -93 89 87 -16 -43 34 -86 -42 -13 67 83 41 -70 -57 15 30 -91 -4 57 92 28 -92 -63 69 -5 22 -85 82 88 79 14 94 -8 95 -25 -93 -77 -55 72 -80 -67 -79 -70 -28 -3 76 37 13 -52 32 -41 11 -49 4 -89 -89 -11 43 31 44 -99 -70 46 -52 93
-46 -8 -91 -12 -91 64 43 -97 -97 -64 61 -75 -42 -5 -80 5 -1 -83 -76 -22 20 25 -20 56 -69 62 -80 -82 -71 -41 -2 21 67 -86 52 46 21 -46 -19 42 -94 -28 78 -69 56 -29 -24 56 -67 -51 0 45 30 69 67 80 -54 -52 49 70 -16 -52 40 35 -95 69 -97 49 -38 43 6 73 -74 -58 93 8 48 -18 -95 53 9 -97 86 25 79 93 -54 -50 85 48 -41 51 -93 85 -2 22 82 13 -83 -6 8 -52 49 -52 -17 16 -72 23 -9 17 -41 -64 -29 -84 -3 -66 15 36 -32 -60 -25 33 26 83 -53 -19 7 38 -48 0 -92 -16 -54 71 -34 25 -29 -97 4 -5 -5 -16 73 -62 58 -23 -57 -84 -9 -84
-48 22 17 -51 -7 8 66 64 -71 -75 -38 62 -92 -53 74 -3 -16 16 -66 -58 65 56 1 -81 28 -98 -25 17 11 29 -14 9 4 75 89 82 -71 87 -32 -50 3 61 -17 73 6 86 -9 -5 45 -57 63 24 -72 66 -8 46 5 92 46 10 -69 -54 44 -95 -84 14 32 31 -26 19 51 64 26 -26 65 23 13 14 -35 35 75 -20 95 -2 -61 -92 -5 58 94 30 -48 83 -52 32 -59 61 -92 -64 -65 95 -42 86 -85 35 -34 6 -76 17 19 -89 4 -2 -58 96 35 28 -61 -10 82 -24 -15 2 83 -30 -3 -87 -54 17 65 -77 26 -28 -95 20 73 65 -31 18 -98 -19 -47 96 -26 99 -3 50 -84 6 2 23
-87 3 47 80 -42 -29 -4 17 -82 -47 -2 55 -64 -46 -71 -52 -72 -91 -38 23 -52 -7 -14 27 -88 31 -91 -31 -12 -29 -94 7 -15 35 40 -6 91 48 9 39 36 -76 46 62 -93 -96 -69 19 -26 -60 74 70 34 10 -36 31 40 -66 -24 -31 -80 49 5 55 -48 -14 49 35 3 45 93 -84 17 88 -81 -94 -68 -78 74 -8 23 -24 -100 22 22 -46 -59 -19 48 -26 -5 -89 -43 98 77 77 -99 13 100 -52 56 -75 -5 -49 72 83 63 12 -61 3 -60 -50 -25 34 -18 57 -2 62 -16 -43 28 18 -11 -56 59 -62 51 19 -67 -25 42 93 -58 64 -81 64 -20 87 58 35 20 61 1 1 -81 38 91 31 -83 -58
-74 54 -73 14 60 78 -10 -65 -1 97 -6 -68 -74 -38 -47 -42 22 -60 52 95 -92 -33 36 87 52 21 -67 48 9 -2 -77 -97 -72 63 -17 85 -38 90 52 55 -51 42 59 63 -45 -95 95 -65 47 91 -5 -35 65 -12 -11 55 78 -39 90 -85 -67 72 -30 21 -53 -70 34 84 -75 13 -83 93 -36 62 -46 40 -34 51 67 85 -2 77 -78 -97 -83 6 -18 -67 -97 -80 71 53 -86 50 -16 22 -27 -49 -80 52 100 -12 34 19 85 93 16 -17 -21 -75 24 15 13 -39 62 27 77 67 40 74 -2 11 -93 -60 81 84 43 74 -15 -28 92 -79 -60 -53 48 -92 -28 -5 28 -58 -25 1 -81 11 29 -27 3 -9 -16 22
-17 -77 12 -38 -60 -26 -73 78 -85 12 -97 10 63 -34 43 35 44 37 -22 7 -93 -77 54 49 -76 -91 43 -28 -36 90 -6 52 14 84 -29 -100 -28 -79 51 83 -85 41 -42 -11 75 54 -82 -16 69 36 74 34 -66 43 65 -57 20 -48 65 19 -55 64 69 38 -53 -98 66 37 48 -42 -83 -4 90 -22 8 -51 -84 -100 94 -55 -45 25 77 -33 30 30 -50 99 91 -10 -38 -14 80 -85 84 -42 -74 87 77 -44 -12 22 -53 30 -26 -84 84 84 -39 44 47 11 -57 -76 -22 -37 -74 79 60 52 31 29 -22 19 -1 -76 -1 95 -88 46 32 4 -3 72 87 82 55 43 -43 -14 21 -50 -52 42 65 96 81 20 94 26
-75 -80 -11 41 -82 -32 84 -48 -15 -47 21 -17 32 -96 23 36 66 3 58 -77 58 -34 -64 49 6 -66 43 -5 -14 -82 44 -79 38 -37 40 52 87 75 98 -66 38 -88 76 35 92 -17 17 -90 59 84 88 -34 -46 55 -83 -47 56 -89 -83 -91 -33 86 -52 -97 -10 31 93 -93 19 -94 43 19 -30 52 -25 8 29 48 68 -66 -45 87 -58 -93 -79 -10 -61 60 -67 -73 -9 -86 89 23 65 15 -82 -55 29 -27 -52 41 54 -35 -66 -31 44 43 -67 8 -49 -30 59 92 82 -31 -18 28 -36 66 9 89 59 1 54 -69 -60 5 -99 -36 -80 -58 91 -63 31 -83 -22 14 -64 49 -75 -21 42 66 78 62 -7 -93 75 -4
69 -52 12 50 83 78 73 73 43 99 71 -93 2 33 -1 -66 -36 39 72 95 -30 -29 -14 3 64 -97 12 94 -38 -10 -3 -26 94 35 -67 35 1 43 11 -18 -1 78 75 58 8 5 42 71 -81 99 -60 15 -23 81 -72 -18 -17 -99 -52 15 -18 26 95 93 38 -19 65 19 20 95 12 30 0 -57 40 80 5 -96 -28 -54 24 73 -52 84 4 -78 68 7 -52 -58 14 -4 -8 -74 81 5 42 46 -85 66 98 4 -67 -11 31 77 40 0 15 -54 99 -91 -30 -7 17 38 -63 -58 80 83 -7 73 94 -97 27 100 -27 -38 -70 -83 -49 86 92 -63 -49 90 -71 -67 -64 89 70 64 73 -36 -80 44 -17 19 -81 -89
91 -62 -9 -62 -17 -82 23 52 25 51 20 81 -1 73 -65 -20 -44 -23 46 -55 93 36 -29 -87 10 -51 75 -73 15 3 18 53 -36 85 -82 -53 35 -13 19 75 -13 -8 39 -89 -12 -75 11 -40 92 88 -26 88 -63 -83 -9 -56 -98 51 94 -95 -2 9 90 28 -93 -90 78 -41 97 12 -100 -57 71 58 38 -82 -93 83 -94 1 -89 20 -33 68 95 15 65 31 -30 -27 -63 -90 45 63 45 -23 36 74 40 55 -25 -27 -28 21 -82 -31 -6 44 83 -49 -14 -77 44 6 69 19 -9 81 50 72 73 -39 18 -98 -48 52 -35 -60 -74 14 -27 90 -46 -57 72 -22 -37 47 27 32 -97 91 -11 42 77 -23 -14 -16 37 -75
-26 -94 -100 -80 -75 -71 -82 38 8 -52 25 8 56 86 48 -78 -64 -55 -70 -92 79 44 84 -96 30 -17 27 69 -14 -8 -13 12 29 62 -17 100 -50 55 32 -71 -28 65 97 -25 60 76 -90 58 76 37 -17 46 -27 -23 92 60 -57 -89 21 8 18 55 -39 66 -25 -73 75 -56 96 -31 18 -15 88 20 -7 -45 85 -10 66 95 -62 51 94 45 -50 -8 44 -50 -92 -93 -24 79 -40 -27 8 -63 24 -19 36 -45 -30 22 -93 -94 -30 -13 88 -72 42 45 1 29 -87 83 -14 -88 82 -71 97 0 -26 84 -41 95 -85 -7 -45 -89 -78 75 32 86 -66 95 18 50 -100 -50 13 -3 69 15 -66 -71 45 -82 -7 9 78 -25
-26 -84 21 26 50 12 -64 -77 -57 -3 -43 13 -82 52 13 -42 -38 -76 -47 76 48 -63 82 -98 93 17 -20 7 -76 18 -94 -66 13 12 -6 -71 12 -38 16 65 4 83 -37 1 -37 -6 -22 26 34 84 -78 -79 96 -15 96 -25 43 49 72 -79 -69 -43 58 -93 75 14 -95 -65 64 75 -28 37 31 98 57 33 15 -50 21 65 -92 -49 -26 23 5 8 -39 -77 -22 -79 -68 23 95 15 -26 -40 6 64 11 45 67 78 -61 27 53 30 -6 17 -89 -59 -29 -57 -42 12 -64 -73 62 -8 14 -56 -16 -16 16 -14 -52 69 26 58 88 -89 -36 -71 36 -29 -65 12 -74 -69 15 -30 7 -73 -89 -55 -46 75 -21 84 -60 75
39 6 -94 -96 -64 31 20 89 88 33 -10 -36 -50 43 -26 12 62 -62 86 90 97 3 92 67 -75 -92 -82 -89 2 42 33 15 45 22 -48 -76 -14 -71 92 53 -17 47 40 18 90 -22 60 -1 45 54 -35 -29 -30 -50 56 35 -59 14 -19 73 8 -2 -41 -90 64 -18 1 -18 -88 -36 -87 68 -43 71 -37 79 -31 -34 -89 17 -48 -100 -3 78 -74 -55 -20 -26 -27 -49 -39 4 46 -73 93 -11 -98 -79 21 82 20 90 -95 -43 80 48 -50 0 -34 90 -65 56 53 -49 -60 67 -50 -66 74 63 34 1 16 63 -99 -98 99 7 98 -18 27 54 81 -99 68 -35 53 82 86 88 59 -96 55 -94 -61 -34 27 -79 96 24
-80 13 -82 74 -91 -92 -45 -63 13 -17 -7 -79 -64 44 -16 -33 14 -84 62 90 -55 -65 -45 68 81 -35 -14 -69 -5 38 -91 -30 47 61 48 -18 -54 36 -48 -68 -100 -95 49 69 76 -64 15 22 -16 28 -38 82 -30 -85 -82 -75 74 92 11 11 21 -8 25 18 -90 -2 -21 -79 -14 -30 56 -58 -85 99 10 -79 42 69 -2 53 88 -59 81 -25 -34 18 -94 40 21 81 -30 -41 -90 -29 48 -3 -56 -79 -78 -45 72 3 -30 -86 -18 -92 67 76 -83 -37 61 -39 -30 17 54 -33 30 32 41 100 1 -63 -89 -22 -1 2 -82 33 -36 -95 95 66 8 95 -25 -15 -30 86 -85 13 11 -26 -46 21 -30 2 -99 0 50 -6
-67 24 100 -55 8 -33 60 25 85 -79 38 40 20 -80 -27 82 67 36 95 16 -40 63 25 -86 68 -34 -38 47 83 50 -31 63 0 -55 -64 -63 8 -88 21 35 63 4 10 -51 80 -80 33 97 69 -22 6 48 26 73 72 -52 68 -7 19 -15 -44 73 71 -38 -74 72 -11 50 -5 42 95 33 -66 -99 -98 63 13 -26 70 70 -67 72 1 -25 -5 85 63 -66 32 79 5 54 17 79 55 -65 25 35 36 65 -46 -39 -15 46 75 78 -62 26 81 -5 -19 -44 -38 33 96 72 33 12 -44 -99 -23 62 -68 -43 -88 -32 -23 26 13 -60 -36 85 36 -67 -47 -81 10 29 75 63 -13 38 -6 -27 -100 16 30 89 -27 -17
25 92 50 86 50 -29 33 -28 -37 29 -31 -99 83 -94 -57 54 80 18 3 34 -38 64 82 -32 -41 89 -37 27 80 2 93 23 27 66 -22 -75 -93 53 9 -28 -65 14 -8 47 36 14 8 36 -79 17 79 -14 -40 -88 -94 58 -99 27 -58 -81 -50 47 6 -75 31 56 -46 -6 -96 -56 59 3 60 65 0 44 100 31 -48 -66 4 11 -19 -77 79 -43 9 63 -28 65 36 24 70 -35 -59 4 3 52 46 -34 -100 -24 -83 79 36 -6 43 -4 0 -41 -53 84 -19 -86 70 -46 -62 6 -1 96 73 -90 80 6 -57 36 11 21 -86 14 75 71 -49 -11 -63 25 -18 6 31 -34 4 95 6 -38 47 67 29 0 87 -10
-32 6 42 67 100 26 33 38 -50 -89 -83 -100 99 -59 33 -8 2 58 -41 -31 59 81 79 -38 -53 63 17 -95 -15 5 96 53 -32 52 -60 39 -3 -6 12 -3 -100 10 23 -10 -50 67 55 -21 -63 -42 55 71 -92 -82 -8 9 58 -83 -14 -54 100 -89 84 36 55 88 -77 -34 94 15 -61 -50 28 22 89 -23 32 -79 51 21 23 20 57 32 -93 -28 28 -24 -59 58 -91 -20 72 36 45 33 28 -13 -10 -11 -10 85 63 97 2 83 -92 -88 40 49 93 93 62 -64 -3 21 89 93 -27 -60 29 -100 -74 3 13 -95 -20 11 99 34 32 73 -58 35 22 69 -67 -83 83 42 49 81 -6 94 -89 96 -46 -100 5 -66
-99 -98 -91 58 34 -86 47 -74 70 -22 66 52 -23 -44 -28 69 -28 46 1 -26 -33 81 -40 -16 24 -54 32 52 57 -33 -91 85 -96 85 87 -47 75 -73 95 -55 -75 62 81 66 24 -89 -92 20 -47 42 -13 6 34 63 -47 -70 0 8 -95 -30 -6 -90 -19 50 60 -17 7 -23 48 74 -60 34 -58 72 -4 53 -74 -75 65 16 76 -10 46 -36 -66 -4 -2 69 -37 63 56 62 12 43 -17 -35 62 56 -45 38 -29 66 80 25 -97 -100 -46 77 -20 83 69 74 -72 13 -77 28 -79 44 -55 -55 -77 -65 -100 -80 33 -5 -52 7 -23 -47 -29 -96 -44 90 -15 4 100 -81 -22 93 62 69 93 -98 41 7 84 23 35 52
-25 -88 -18 73 0 54 53 -51 62 -99 79 47 -79 -68 28 -69 61 0 -98 70 60 73 54 -54 9 -31 36 19 68 88 -48 -7 -66 -84 98 -48 -79 29 27 -61 -87 -13 100 -17 73 -63 -35 -82 30 100 90 -50 51 -46 -1 -16 -75 -84 5 -60 -10 -58 -30 -55 27 73 -61 5 -66 37 77 -55 86 49 -6 1 99 -20 87 9 83 55 43 42 -55 -45 33 -84 56 70 48 -27 54 -38 91 15 24 -60 -41 -23 58 56 -75 38 -61 80 -71 -53 -42 39 -1 -80 11 -1 11 -65 23 -59 -35 -5 -68 88 -98 81 -89 -35 -76 -6 43 -16 77 -43 -30 9 -85 -20 -29 69 51 32 -11 -46 -60 81 -48 2 44 69 77 80
92 -71 -57 88 34 92 -16 -12 66 -2 -62 21 25 28 -74 -59 -76 55 50 75 89 -94 85 -31 -8 -62 -37 -35 -97 -100 26 -96 46 -80 5 35 84 59 75 73 -32 -8 -26 98 -25 -95 46 -89 -60 18 -94 36 -62 61 62 -77 22 -2 -16 43 -73 -92 11 -59 -46 65 72 57 81 98 -81 -74 76 -45 100 12 45 -44 -8 -28 98 20 14 13 22 -61 -88 60 -65 22 -47 -88 -51 -90 41 77 24 -1 -99 -80 -4 21 -100 -15 -86 98 24 -99 87 73 100 90 45 5 -57 -55 -87 15 -92 66 69 -93 26 -52 82 90 -47 -74 44 69 -67 45 -38 -84 48 -89 -37 31 -48 -57 30 -52 -98 23 39 9 -1 -79 -2 -57
-93 48 -28 19 28 -97 -16 -25 87 65 19 16 -94 49 26 -21 18 -8 35 -3 10 -62 -94 97 61 -45 -93 -65 3 -7 -90 -48 -13 -72 -62 10 -45 -43 -31 59 -37 -30 79 -2 -10 54 51 32 47 -56 -45 59 -99 -25 -58 25 -97 -76 32 7 81 -21 8 -51 80 8 59 -79 90 -47 4 14 -92 -37 -61 -98 89 -13 -56 80 -41 36 96 -75 81 71 -54 54 -17 6 6 -81 87 -83 2 -34 40 -5 -77 63 -34 9 -36 83 29 3 32 -19 -60 -70 35 -71 52 81 -72 -48 66 99 -86 92 70 50 -68 100 85 54 62 100 37 -48 58 -46 89 72 -95 -36 -76 -82 10 -73 -15 82 63 -44 -38 -95 -87 90 57 -90
30 3 -53 26 -59 99 -94 77 -91 3 57 -64 69 -24 49 7 -6 83 35 39 -8 9 -12 34 64 0 17 4 23 3 76 -27 66 49 -72 -6 28 18 49 67 75 53 -95 -77 50 76 39 -1 -56 28 15 -80 11 49 65 51 -66 65 88 42 -59 -57 54 81 -99 90 -83 72 51 36 20 -21 -34 -32 46 16 -30 25 -68 -11 -22 -52 -25 5 37 76 -94 77 32 3 44 -85 28 -16 29 89 -32 92 -15 -25 -5 -68 96 70 35 29 -41 22 35 52 -30 9 -84 31 70 92 -12 -29 36 62 27 -100 -71 65 -51 -45 -45 16 -6 62 -67 -93 -71 69 -92 37 78 -90 -83 100 12 -50 -72 7 24 -79 5 -53 -80 38
-11 89 -98 89 -98 -21 93 77 -74 97 -59 -63 99 58 19 39 83 -29 -58 -52 -59 73 76 -31 -50 91 39 -60 -81 -73 13 95 -13 82 84 -46 -43 -55 -79 12 50 -31 -10 7 -43 -47 78 -48 -75 13 -57 -13 17 -18 -45 -51 59 -44 -33 -26 14 17 81 -40 47 -72 -92 45 -47 16 36 -46 -49 86 59 -93 -4 -100 -43 -97 -97 74 -100 -44 -81 -9 -92 62 -12 85 -72 -53 16 -11 5 -60 44 23 -92 40 -57 50 -38 99 -55 27 39 35 50 71 36 12 56 -77 80 25 -80 -62 42 -9 4 52 -62 68 -39 98 -43 11 66 95 45 80 31 81 -91 48 80 -61 19 -86 -78 47 -89 -62 99 -71 18 -40 60 -43
-69 33 95 -12 -8 82 -14 62 -30 -68 22 82 -98 -71 17 89 -10 71 14 -98 36 -29 -80 86 0 87 21 -81 -87 8 34 -37 24 -44 -53 70 -52 -6 -26 -5 99 -16 -72 -70 -23 62 87 -80 28 -44 56 -1 34 -18 -39 52 92 -84 -97 -65 35 -67 19 3 -11 -50 -56 0 80 -20 8 -69 0 -31 16 42 12 -31 -37 22 -49 44 -20 11 -31 10 -47 24 -39 -100 2 36 -16 -80 89 -64 21 -9 37 -42 10 23 -99 47 42 -60 14 20 95 -83 12 10 63 95 -42 50 64 -22 -64 94 98 89 -18 5 -50 5 -99 -67 57 -66 2 -33 -68 -62 50 50 -63 -96 74 -34 -55 14 -16 83 -66 -75 -79 23 -67 -37
97 -76 -45 -85 -57 79 29 9 13 -19 -94 46 -6 -89 -83 10 26 -9 62 -23 -17 -2 -80 69 -65 91 -10 46 -58 96 -81 -94 -43 7 25 -42 -77 -63 -79 7 30 54 -46 95 7 -97 -98 -78 -10 -28 -90 69 -67 -59 83 43 62 90 -25 -49 58 -2 5 -81 46 -71 46 -56 15 -77 -18 -20 12 77 94 -15 83 33 -92 6 55 -98 1 94 -41 53 -45 -13 21 54 54 -7 22 12 -72 -44 -42 86 -67 57 -83 -47 -82 -94 62 35 93 -32 -47 86 -87 -94 -11 36 -45 52 86 100 81 23 31 -59 89 77 -98 52 -17 -4 -1 68 -19 -45 84 20 66 -73 48 -19 71 87 -59 74 -30 -76 85 59 35 -5 14 14
-13 -36 42 24 24 -12 -76 16 18 -17 85 74 -33 -37 -24 -47 -99 -86 22 -61 98 -98 -12 94 -1 94 89 -23 -47 42 -36 37 -54 97 -5 -25 85 -29 -60 94 -11 77 59 -1 91 -74 34 -63 10 -74 -83 69 83 39 49 24 13 17 2 99 10 -69 77 71 21 31 -58 -17 -69 -19 -50 49 96 33 54 33 -85 -39 -14 97 -97 98 -1 -7 -100 0 73 -80 39 50 33 -37 65 29 32 -75 97 -4 91 19 20 6 -93 6 -48 -91 35 42 57 31 60 66 -7 -9 -37 -64 40 8 -95 -48 -75 -62 42 -100 -12 44 8 6 33 95 10 -81 -100 98 -67 43 -18 17 47 -48 16 -9 33 -94 7 -54 11 -63 12 -51
-51 -77 -19 1 -45 95 -63 -86 39 -37 91 71 -45 -93 23 86 -37 -23 27 20 -100 2 -27 13 91 -19 57 73 -3 -16 -42 80 37 81 -64 89 -35 83 67 58 -27 -63 15 95 15 71 -92 23 -90 -19 6 21 -33 90 -80 -60 -17 36 -18 62 -84 95 9 -20 -55 10 -59 -86 -22 96 -3 -39 -9 9 88 69 84 -39 64 -48 -14 -3 55 -36 54 89 -46 -21 -33 -76 -67 -5 48 -94 39 -44 -45 -81 -11 80 18 -83 -5 -57 74 40 59 24 -26 40 -94 -34 47 91 76 76 5 59 83 -85 30 40 -86 17 91 52 67 -79 -41 -81 -90 57 -15 78 75 27 -75 -19 51 62 39 11 7 13 -40 80 8 -14 -2 -91
83 61 48 80 61 31 -55 36 -62 14 64 100 -80 -21 24 18 92 70 43 -65 -94 39 -100 44 -66 6 -28 75 -49 21 81 -56 -85 -45 -14 3 -56 53 -85 -15 -63 93 -95 -45 -74 97 -50 -53 -30 5 -74 -65 12 -33 82 -24 -89 51 27 -12 -8 -96 98 -82 70 -39 21 41 -63 36 -89 50 91 88 -15 55 -87 40 -37 18 -36 -67 -36 89 68 -15 -76 56 -16 36 -48 24 -9 -11 -16 87 -17 56 -39 13 0 64 44 80 -91 45 -80 -84 -72 -90 24 21 34 -26 -64 -22 87 -33 31 -91 -74 -96 2 96 -6 -38 -86 -30 97 49 -56 29 50 41 -3 93 -2 14 72 65 67 -83 -7 62 74 53 92 -80 -44 58
57 -66 -86 35 69 79 -91 67 95 -69 50 32 23 94 8 4 -35 -82 -10 92 50 -36 -50 -40 -32 -17 -63 3 -11 16 48 92 -73 61 40 10 -58 77 9 -39 82 -7 -95 90 -18 -51 -88 -17 90 43 -86 85 -22 -98 60 9 -52 31 11 37 50 19 18 -94 -15 43 78 -65 -28 55 37 -55 -85 42 23 10 40 40 87 39 -86 -63 -11 -46 -12 -63 -46 33 -28 -49 -31 -12 38 51 -86 92 -17 -94 -12 -44 70 38 43 -1 73 86 98 -19 98 58 66 -15 73 16 99 -62 11 -86 -68 -65 97 38 93 -8 98 -62 5 -40 86 -7 60 -38 66 -76 -14 92 56 -86 29 18 26 -14 -36 -42 -100 38 38 -2 -93 -17
31 47 86 -3 98 -12 -64 -45 -82 69 -71 -51 67 40 -73 -13 -96 -26 -30 -14 47 -55 91 -37 2 38 -18 5 26 -7 -82 82 -37 -54 -20 87 -7 -43 25 33 68 62 -37 -15 -12 -86 -44 76 -31 67 21 24 89 -99 -46 -30 12 -73 -98 90 -7 -55 56 84 73 -77 -76 -36 -54 36 -34 16 29 66 -77 24 -83 -65 31 -95 37 77 -2 -24 -33 -62 -43 29 19 -30 28 61 46 -17 -87 -43 43 -5 97 45 -67 36 87 64 -33 -73 -52 -67 -64 -11 -34 -70 -37 -73 75 92 50 -19 75 -72 91 -68 81 17 -86 -37 -74 99 -83 54 43 25 66 -34 -22 35 83 -92 -20 -23 52 16 -57 -81 78 19 30 11 -98 -34
-83 -50 -99 -93 56 -57 39 -64 76 -99 -11 1 92 57 90 -59 64 -100 -77 76 -60 28 -86 -86 -30 11 62 81 97 32 89 38 -58 26 24 71 12 -23 23 89 90 57 -87 94 -13 -81 -10 20 -28 -48 25 29 86 6 -73 -85 -14 100 -98 72 22 -2 -49 31 -2 -28 51 40 73 -18 -51 -8 -12 43 -78 -55 58 72 -86 26 -6 -76 -99 -65 -72 -38 93 35 -40 8 9 -65 -39 -67 98 40 -17 -3 47 73 -64 81 46 68 -73 100 79 17 -70 -74 -81 30 64 -76 -71 -27 1 33 -72 -64 -10 -46 -65 9 -8 -27 -2 -4 -45 -34 37 -48 -32 50 92 -71 74 40 32 -30 -56 59 27 -57 -2 -67 67 33 -63 -40
-70 76 51 -4 13 11 2 -61 -26 28 -34 -26 60 82 -19 -17 77 20 95 70 -34 34 -58 -64 -16 -100 51 -98 70 3 -2 16 96 -79 84 -72 -83 10 -22 96 -15 4 -1 24 4 -42 -79 -13 -24 30 45 -92 -68 82 -45 -44 56 0 -69 -100 -85 -11 45 47 -55 59 80 -99 92 81 -54 36 55 -41 -26 -44 -72 61 -20 -6 -91 14 84 82 86 88 15 36 99 64 96 -57 23 63 95 5 -55 91 -47 -99 -3 -81 -94 97 75 22 37 -22 -82 -97 -96 8 28 37 46 -100 -59 -19 44 30 57 27 81 -35 -11 32 27 -77 -14 -21 -6 93 -7 83 47 33 -44 -42 75 69 -54 -64 32 15 83 -71 21 94 -78 -78
78 -45 -8 20 58 -86 73 -92 84 63 49 59 22 50 15 5 80 82 -47 -37 3 -21 -58 -74 -5 -45 -93 23 -96 88 -2 89 82 27 -86 6 16 44 33 83 38 6 -5 -43 -45 74 31 -37 32 96 -56 43 -85 46 -14 84 -2 5 -6 -16 -1 -63 -52 49 -88 90 33 21 94 -5 -15 -93 -27 -84 -97 47 -87 78 -57 97 -47 54 74 -1 -72 59 72 -38 -14 95 -80 61 -32 46 14 40 9 -28 -3 -100 -88 2 95 38 6 31 -14 -48 -65 -56 61 12 -60 96 63 -64 81 31 4 27 0 13 100 29 -75 93 -90 34 49 65 93 31 -22 78 -10 95 33 96 -83 79 -90 -21 -46 -6 -32 -2 99 28 -15 46
76 -75 -5 89 61 36 -90 88 -47 -58 97 -25 17 18 -80 71 93 -22 31 95 19 -66 53 78 -11 -4 -47 19 62 -36 62 -50 2 73 80 78 28 6 -66 -86 51 -47 -21 -14 -38 21 39 41 69 55 4 -70 -92 -100 4 -6 -16 -84 53 -40 -34 40 98 -35 -53 -92 -90 12 -42 77 35 -74 -89 95 100 15 30 50 -21 -78 81 -10 -78 87 18 -26 45 93 53 -81 -42 63 8 42 -8 -96 -9 -32 -29 -80 22 -24 -22 91 46 -84 74 56 -88 -58 82 -92 1 82 9 87 52 -46 -53 -35 -59 -24 -29 31 -90 2 -10 -42 -7 -30 -12 -23 -13 -82 -70 -96 -67 -37 83 -97 -100 -99 -47 26 67 -74 -90 45 70 -78
-70 93 -22 8 13 -17 100 -74 23 77 -43 -81 86 63 20 -74 -4 -58 -37 -50 86 -20 35 -40 -78 -59 13 99 58 -50 -27 88 -9 -71 74 29 -44 19 -56 43 9 56 -93 25 32 -24 90 -87 -88 -94 -2 51 -45 36 -79 -68 37 21 -36 -3 96 29 90 -100 -98 -31 -8 10 72 -51 11 -39 25 -61 -2 51 -21 -58 -51 90 17 90 -100 48 27 99 -46 64 -85 -28 -100 24 -19 -55 -17 63 -100 -83 2 58 21 -25 -36 -52 5 27 -2 37 96 -90 7 21 -21 -14 67 93 -10 -74 -98 3 96 -67 -61 17 -100 -3 -31 -5 -100 -27 -24 -19 -31 56 -66 36 90 77 5 -13 41 -96 38 25 26 10 -33 -69 -42 -92
11 29 97 -14 -41 3 53 9 -2 -70 26 -47 56 -56 64 6 -17 -8 -8 69 -23 -83 -37 44 -86 -13 83 -83 88 -45 -5 -74 69 -91 5 54 17 -37 -62 -35 68 19 -93 -65 83 -13 -59 -58 -8 -94 -67 12 -35 85 76 -75 24 46 9 -80 -67 34 93 -8 -73 57 10 24 93 33 22 77 -83 -71 -97 -19 -44 37 -2 4 -70 35 -36 98 -41 38 -15 79 -48 -21 88 76 1 -78 75 58 39 50 32 21 -70 81 35 -31 32 89 -38 -23 -89 55 40 -65 -46 5 94 -15 -53 14 93 73 69 -27 61 -15 -21 53 79 -67 -64 -84 74 -67 -91 98 -1 -54 66 -52 -53 69 -27 -64 -63 -51 -87 32 -37 -49 -35 -78
-85 -44 87 0 -92 -58 -33 -32 -93 -6 -4 -33 -45 -37 -69 -88 -44 -14 77 19 -42 -73 -69 31 -95 70 -23 -42 8 19 97 -82 58 -51 93 67 -93 -73 83 12 40 -22 -21 81 -2 -10 75 -1 -44 49 -19 -28 56 10 -83 -85 93 -11 -7 -70 91 -38 -72 67 -44 -82 0 -59 2 -3 59 82 17 71 56 -4 57 54 -21 -57 15 0 -10 -92 -10 47 44 -16 95 -70 -46 -15 40 28 -12 -6 70 6 -27 -90 31 21 32 67 66 -21 -47 -61 63 67 23 33 -74 100 -55 -78 -18 -52 -46 70 -98 -90 -100 -57 -39 -83 -25 1 -17 -40 -25 53 23 -37 85 50 -31 30 33 28 -16 47 -18 70 -92 44 86 -85 21 60
-44 65 86 87 -6 -14 -59 -81 -60 -74 -24 82 -3 -27 -13 -68 95 -90 -13 -43 -64 -99 53 -94 15 -22 73 -69 7 -26 -55 -95 -92 90 43 86 -29 -5 50 25 12 94 -58 -33 -16 -25 41 -13 7 -26 -41 -53 62 -16 43 86 -86 65 21 -63 -78 45 25 -10 -87 89 -76 -9 48 -83 -13 39 -59 -98 -56 -77 -20 31 86 -53 28 -34 54 -100 60 -10 12 36 -48 65 -84 -52 -23 -6 -6 70 54 72 75 -63 -68 76 57 68 59 52 -88 33 31 32 26 -3 28 23 -1 -70 -13 -1 18 -38 -69 26 -4 97 91 91 15 47 71 47 -23 -52 -32 -55 -74 89 -52 -16 72 -88 -4 32 -52 48 50 71 -2 -91 -97 -20
-19 31 85 3 70 -95 52 -41 -53 -68 -5 -83 -28 72 -93 52 41 85 -78 -15 83 -49 14 11 -96 -59 -34 57 -63 6 72 6 25 -78 76 -69 51 -34 -84 80 -27 -20 82 5 -78 77 44 76 -60 -96 -61 -11 -4 -86 -83 -38 46 -65 89 95 44 10 -14 -22 63 93 75 -70 -54 -57 -65 -61 81 63 -29 75 -30 4 49 -12 95 72 81 43 18 -53 -59 100 57 92 -13 98 -31 0 74 24 -93 81 -31 15 -12 -54 51 -91 8 -72 40 0 -75 -27 -64 -95 -58 -36 79 -27 -81 -23 62 56 -24 19 -45 -1 -53 -44 59 15 56 -38 27 51 83 -93 -47 -10 97 -75 -16 -81 -35 51 91 31 25 36 84 -48 14 -45
-19 56 -35 -53 -58 -44 -64 -68 -47 -16 -54 37 64 -85 -47 51 15 50 41 90 -62 32 51 -40 -97 -74 -82 6 -43 19 -67 -6 44 -41 -33 -86 53 38 -37 94 6 -19 71 97 -38 45 -2 -15 88 48 -35 73 -68 -50 15 3 100 76 -49 -93 52 15 -91 32 -50 43 -39 25 -21 6 -10 -23 -80 -37 -58 23 -64 -61 -67 37 -3 -72 0 55 77 -10 -70 -100 9 -56 -61 86 78 57 43 58 -74 -87 -37 12 98 -51 21 31 17 70 -10 5 -34 -69 35 15 27 -66 34 -64 74 -10 -97 -93 -78 -65 42 65 -94 -7 -97 -2 16 -84 11 47 -80 -37 31 -78 -30 26 -53 -14 -11 -31 -57 94 57 59 82 37 26 -90
87 -4 -49 8 23 51 -31 -26 59 83 74 46 -67 28 57 -45 87 -1 7 -8 34 46 -67 -100 -60 62 -97 57 -92 -13 -73 -34 8 41 -55 -62 23 -17 42 84 -20 -92 -54 73 17 -4 41 -61 62 24 -59 -99 -5 11 100 68 -62 -78 -42 71 57 -41 20 69 56 60 22 -42 9 -82 50 -22 70 94 -51 16 12 -46 -80 12 56 -42 -36 14 8 9 57 11 66 31 -2 81 -68 94 -80 4 -62 -37 8 -73 -6 86 87 95 20 -56 -63 -5 100 61 -95 -6 -17 -76 -2 -77 -6 48 -100 -56 19 65 89 93 -89 -19 76 23 66 13 -16 86 -19 16 -53 19 -25 -35 -31 58 -2 -22 0 -66 -94 14 -70 -72 64 82
93 -10 45 18 47 82 96 100 -9 -62 34 -67 -34 -6 50 97 -95 75 -100 -22 38 97 -5 81 -72 87 -3 74 -30 -9 -87 -61 79 54 69 26 41 -38 15 67 -62 -51 -80 -42 -17 -41 65 -12 -15 -33 -93 -38 -19 -1 -83 16 67 5 53 57 -81 32 94 12 74 90 74 67 -94 -87 87 -87 35 -97 -27 -9 77 -64 -46 -29 -45 38 -89 50 82 -89 -67 91 -15 -51 37 -4 34 19 -87 -92 -83 71 64 88 67 97 -26 22 45 -23 19 -80 -76 -78 -36 87 35 16 -49 1 96 -70 -37 -83 -92 64 -85 -1 -78 70 -74 74 -32 50 -94 5 75 73 -95 -3 15 -6 26 -31 -35 63 81 66 -6 54 -62 7 84 -27
28 86 1 -11 60 -7 -37 40 -1 -12 0 69 16 91 -30 -22 41 -18 -90 -49 24 -22 -79 -100 71 -62 -30 -43 -55 -6 49 -83 -49 -16 -62 17 -40 -34 28 83 96 -13 92 -78 22 -99 59 46 -81 94 40 39 72 89 -55 -21 -90 -85 -70 12 49 72 74 62 4 -35 -85 26 30 89 -27 63 93 17 52 -39 72 -87 -97 32 26 94 -55 -22 -66 -65 3 -78 -5 10 90 36 -51 68 -30 -19 23 24 -61 -40 87 -22 0 -30 90 77 -96 -54 92 24 8 95 -3 60 82 52 69 -14 -31 14 -26 76 -40 -83 25 28 34 -87 -21 51 -76 53 -16 17 43 -93 62 -32 -21 6 13 40 -40 -18 19 -1 87 -18 -5 -63
56 43 68 18 17 -80 62 -99 91 55 20 72 -5 -16 74 -20 -63 -11 30 79 80 14 -11 -39 -28 -51 -45 33 -75 -7 98 -15 7 81 78 50 57 5 23 15 -100 -49 30 34 90 -20 -42 31 0 100 -27 -63 -13 -64 -21 77 7 -49 -57 53 90 -1 -60 -54 81 40 -100 -99 -51 27 -29 -51 61 -26 -4 -84 -6 71 79 99 60 94 -16 6 55 -32 -80 4 13 -96 76 65 -44 -78 76 100 48 -99 20 -29 -23 92 -98 -53 -39 94 -100 88 -82 81 -68 -65 5 -48 -82 92 -65 60 -31 13 -40 -98 3 28 86 -55 13 -76 -18 55 19 -12 94 4 -13 -45 61 9 33 2 96 65 -19 -15 -27 -20 -93 29 -80 3
71 81 -63 99 18 -74 -40 -79 10 52 -34 82 30 -79 -65 77 -14 45 -28 35 -99 68 9 -40 58 -29 43 30 -61 -31 55 34 62 -91 96 -61 -4 21 -97 67 -85 -75 -19 -15 100 -100 -8 -96 96 21 80 -68 -45 -20 -24 75 -29 39 -66 -23 -47 70 67 -29 -51 74 69 -38 4 24 90 85 -90 -74 23 43 -61 -19 74 -66 17 -39 61 -19 -41 -2 59 31 51 75 76 70 81 65 -26 75 71 46 0 75 -100 -89 96 71 -72 58 -70 -62 -96 -90 -74 93 -23 65 -40 -64 40 85 19 46 -19 -12 -7 -33 -58 -13 -43 -8 96 -61 16 -20 84 72 -81 -76 -23 86 80 -57 83 -48 48 1 57 76 -100 -68 24 -25
-49 -6 26 41 53 62 -85 -94 90 -26 -61 -99 19 -22 -89 -24 -1 93 -50 81 28 64 -19 95 50 -71 97 7 6 -70 7 36 87 47 3 60 34 -96 68 100 -55 -23 55 -64 3 -26 -9 -69 -34 -62 79 -75 52 48 -72 11 -1 95 29 28 -7 33 -32 76 27 -87 -30 -37 74 36 3 23 -97 63 -76 88 30 -22 35 -88 -26 -40 -40 -6 -76 21 40 -31 30 88 82 42 -36 -41 52 28 -100 -23 15 88 12 -41 -12 -52 -45 -44 -23 50 13 -26 -73 -2 -8 45 92 -19 -32 -98 -42 -32 -60 -99 40 46 53 -95 16 60 -90 37 13 25 94 -76 -69 -94 61 -85 -40 85 9 31 -8 43 -49 -50 -14 3 66 63
-36 18 63 -54 95 -44 26 -63 31 98 -5 19 80 42 -16 30 -29 -7 80 -37 46 86 -5 99 83 10 50 -25 -5 69 -40 27 28 47 35 -3 -42 13 13 -43 -72 85 83 -38 22 48 -90 79 -80 38 52 -56 -18 49 -48 20 -42 59 -98 -40 46 55 49 60 93 -10 -3 86 79 64 78 7 98 -2 -15 -49 -31 89 -39 -93 44 -56 36 -76 -43 48 100 -78 -42 83 -27 -19 87 60 79 -90 63 99 80 -74 -13 16 79 29 23 -4 13 38 -35 67 -3 -79 13 -15 5 -19 -77 -86 66 71 -39 -99 -98 -79 -89 83 80 -99 -19 2 -54 -79 15 50 23 -57 35 -4 66 71 -41 98 27 78 -6 86 -47 -82 94 94
-6 73 54 -61 -8 -25 -8 76 -78 94 6 -34 17 -77 -22 76 -55 -58 -89 91 24 52 87 -74 70 81 -23 36 -99 -74 69 6 -6 47 -68 78 -83 -83 -34 25 16 -26 -95 -47 -80 88 -49 58 -76 46 -82 -66 -36 82 29 -91 4 -95 -7 -8 -17 40 1 -84 -50 53 30 73 -3 -35 34 -30 16 -77 54 5 44 -85 98 -41 93 97 -82 -11 77 -83 -36 -36 75 -57 -5 -44 64 -48 5 99 -57 -8 25 -43 -80 -59 -64 34 79 -38 4 -26 94 -41 42 -47 -60 77 -94 0 55 85 80 80 -19 78 -30 73 60 -87 -59 -86 -54 -84 33 34 -4 -24 -94 -17 56 -97 -35 -9 -77 -42 -90 66 -99 89 -42 -73 78 -69
65 71 -29 -33 -22 -70 -42 61 28 -13 -39 28 -17 -87 17 -73 8 48 -81 -5 86 58 41 35 85 -62 24 -53 96 -95 79 21 33 68 -75 -63 -40 -62 -61 50 98 -17 -21 -94 85 7 -17 -37 -78 -11 -23 -79 -89 -84 2 -81 64 -51 -20 83 -20 72 65 -67 31 91 92 -74 94 -41 21 -63 -32 -20 63 66 1 -69 28 -33 23 33 56 -22 -25 66 -26 6 16 -72 -80 -20 -97 25 -26 3 55 -11 56 54 73 2 -31 28 -29 -34 -98 27 -10 -85 -68 -32 17 -15 61 92 95 17 -33 -72 -4 7 46 -18 11 24 94 -11 -75 -9 -11 61 -36 -69 72 48 -35 -43 15 69 65 -89 -98 -93 -11 -28 -58 -97 -95 -1
56 32 5 7 -79 -60 -69 94 -46 60 -28 -92 -76 -54 72 -37 -97 71 -5 63 -73 85 35 -96 62 -1 47 6 98 48 35 -78 78 63 -52 12 83 82 -85 -14 76 71 -62 47 57 42 -59 -54 32 -26 91 -69 46 68 -92 -90 65 -34 -28 -54 -68 32 -37 -40 -79 72 -83 -18 -10 -74 68 3 -25 -45 -36 -62 51 12 21 -39 4 -16 25 23 34 8 -91 98 77 35 -22 -79 -50 88 91 -83 -46 47 42 29 80 -69 58 64 27 12 -20 12 -66 29 88 -72 95 -62 -58 27 69 -55 37 -79 -11 9 -20 -99 42 52 -44 30 -96 -7 43 88 -49 -93 -84 3 -17 -13 83 -68 72 -43 -97 -7 -46 -20 96 98 7 15
51 10 81 100 -33 -64 48 -36 -80 -3 -49 46 -59 79 -23 34 3 8 -94 -34 -69 -12 -93 -26 -93 -27 -46 -2 -64 30 93 -31 -86 28 -92 -66 -3 4 67 -79 -95 74 85 67 -67 -9 32 77 -44 4 37 0 -70 -78 -88 24 -76 28 10 -86 -39 19 82 -67 69 74 25 6 -12 67 -92 -100 89 25 19 60 -82 98 41 11 -64 17 93 -88 -33 -100 73 76 -86 -43 17 -58 8 -25 51 -39 38 -23 42 -57 -58 -72 31 -72 -33 69 72 -4 31 7 30 -28 44 -72 30 -96 71 30 91 20 38 78 99 -73 60 -73 90 47 53 53 81 -8 59 46 -59 -48 -44 -36 -12 -66 66 75 -12 8 -56 -34 23 3 -10 -95
85 68 -46 74 85 84 23 -42 64 -60 -37 77 12 -50 -76 -42 42 -61 -90 46 -65 -19 56 59 -29 -19 69 -99 33 100 40 99 61 -96 58 -37 21 -61 -77 20 33 59 -46 61 69 18 -97 -88 52 61 1 0 16 45 -24 -68 -19 -85 -14 -9 -62 46 -78 94 -65 48 -38 63 -82 15 95 -23 64 -4 46 13 35 -13 26 -51 29 -95 -86 -93 48 -85 83 6 -54 74 -85 -40 1 -86 16 59 3 37 -48 -45 16 86 -9 85 49 74 28 -79 -90 -99 7 74 16 59 -94 -3 50 90 65 -76 -89 60 52 -61 -42 8 -76 90 -7 12 28 58 -9 79 2 -25 -86 -92 71 -99 -39 -32 66 17 63 51 53 81 58 93
-74 -27 -51 -33 89 41 67 -53 -28 -37 -19 -69 81 -67 15 -52 -67 -17 88 -96 -52 -52 46 -47 98 52 69 -10 -80 69 -72 -37 85 71 -9 39 72 17 -33 96 58 6 70 89 33 -55 23 29 57 63 -9 20 57 -92 86 34 93 -6 89 50 -24 -34 6 -90 -10 79 -25 100 100 38 -24 36 -73 39 -45 -36 56 -58 2 -35 -5 33 50 29 -32 94 37 -10 -96 37 63 2 13 59 -56 -60 27 98 -99 -61 -42 85 -38 100 78 -24 -40 60 86 -20 61 43 51 22 80 -10 -7 -20 -50 43 -42 -29 -77 -47 -50 71 -69 8 -71 -84 -72 98 -75 83 54 30 -8 59 -82 58 -92 71 -6 81 25 -16 -43 25 -63 -44
25 15 -36 74 -78 -10 -17 31 51 39 19 100 -50 -10 -80 42 -64 -60 -21 -64 73 -15 74 -69 15 30 -90 -51 -85 -63 -10 52 -47 88 -97 67 46 -30 -84 -82 -54 98 -9 -15 7 40 -65 22 59 -77 99 -78 83 -82 -73 0 -82 -82 66 -13 -11 89 60 -36 41 -30 26 13 86 81 44 -23 70 -17 43 -60 60 98 6 -18 -57 75 13 80 80 -18 -2 -66 -47 80 -6 5 41 -16 4 62 -71 82 63 -85 71 -56 -56 -34 15 21 -20 -36 89 -38 60 81 -40 96 -46 -2 -25 -14 -97 95 21 17 -60 -81 -91 44 75 -30 100 68 34 86 48 78 6 65 67 71 -82 -4 87 -71 18 -10 -18 -99 24 44 79 -59
36 -42 82 -16 -20 -91 57 -8 -51 -84 -63 2 17 -98 -68 -3 6 83 -96 -86 94 17 34 -5 20 8 -82 -12 -20 71 -85 100 -32 -70 -60 25 31 -63 -52 84 -56 -74 57 -64 -53 -97 69 -48 -7 3 98 72 97 -81 53 38 -15 -16 72 -43 -43 -55 69 -32 4 -64 37 -33 62 49 -65 -77 -60 90 71 8 -32 -12 -49 100 52 5 -62 -7 56 -68 -100 0 -53 1 -26 76 74 17 100 -85 -1 17 61 70 11 -62 -80 -16 47 -89 -92 13 30 76 -36 27 64 -19 83 21 58 -68 91 42 73 -52 5 -78 68 -43 74 -17 -24 25 -6 -26 -76 54 38 37 75 -4 35 -7 37 -73 73 66 -88 81 -78 -54 56 82
-56 -25 13 86 -11 98 -85 34 92 -13 32 -23 -24 -67 -15 91 -54 11 13 -55 -54 48 -18 18 -19 -80 -73 99 -96 87 19 -46 -47 -16 -94 -35 97 -87 74 21 -54 91 76 75 -48 -52 -55 -59 -15 89 29 86 94 -7 -2 52 -2 16 85 32 40 9 74 38 -56 -61 86 -96 94 10 3 41 54 -56 -57 89 34 83 -73 30 76 -32 61 57 -37 75 -21 17 56 -8 -99 42 -47 2 -74 -43 5 -41 43 -50 -37 -46 -99 -71 74 -92 -82 -45 -13 2 -50 -62 78 -29 -95 95 62 13 -14 13 -9 -26 31 -20 47 2 99 70 -46 89 -95 19 -3 13 -50 35 8 80 23 -73 -73 -87 72 -84 73 -43 9 68 -83 -77
98 81 -73 -84 -97 -13 -31 46 43 40 81 36 24 -13 62 40 88 86 -43 -46 -45 -55 -70 52 43 -79 -31 -98 19 7 20 -34 -74 58 83 67 -14 76 87 48 26 71 37 36 -61 -58 72 59 -8 -97 35 92 49 -97 -31 49 -16 88 13 99 -58 -78 59 62 68 2 -11 69 -18 60 -88 76 -79 -55 -53 -77 -36 86 80 45 -7 29 62 54 -6 -42 98 -62 -70 95 -9 54 22 -25 -55 -6 78 -73 53 -31 -66 0 -5 17 -36 61 20 -98 -100 -96 -54 91 -2 -73 20 -56 -31 -87 86 -50 65 -93 54 -50 66 -87 -47 79 -77 -28 68 26 93 -81 91 -73 66 -72 10 -49 14 -95 13 47 59 10 69 -78 -69 69
-1 -97 16 -55 -48 -41 -31 46 -62 49 40 -44 -22 57 -21 -21 -70 -84 76 80 11 -49 -40 22 -91 10 50 10 41 26 21 -59 56 -9 0 63 64 -66 -73 -68 -9 85 16 -54 95 71 2 -34 44 -52 49 -98 -34 -76 -35 92 -47 92 -36 -1 17 -46 39 -85 -32 -66 61 -58 -40 22 9 31 42 92 -6 -9 -64 94 33 -65 27 16 -65 77 68 33 26 17 -39 0 -9 37 -77 -46 -67 -88 -28 37 80 50 47 36 -19 12 20 36 -93 -23 23 -44 -36 -83 -22 -73 -55 28 -28 34 6 75 9 58 -86 -67 50 -31 98 33 -48 -32 63 -27 18 -29 -34 20 -34 35 59 89 -41 55 -57 76 70 -4 74 -69 -97 -55
-5 58 -40 -97 2 33 -98 52 -1 73 65 -39 -75 11 33 -44 82 -58 -47 7 -19 42 10 61 4 14 1 39 90 67 92 86 -27 39 -14 28 73 -69 -36 -35 -80 81 -27 -45 46 -12 24 45 -98 -78 -55 -24 48 57 14 5 -62 21 -94 -5 -10 46 -9 93 -49 -25 -92 -100 46 6 23 -26 -38 49 -77 15 -80 -32 12 20 86 -100 -75 51 -43 -85 -71 -50 27 -78 -76 -6 76 88 90 -36 27 93 10 -6 16 74 -76 -74 -58 -87 17 45 0 -69 4 68 9 -98 40 80 -50 6 55 66 -5 -15 56 20 66 42 -94 19 -43 -48 68 -41 51 -36 66 -25 59 -55 -98 91 -30 -24 46 9 -75 60 67 19 -22 -35
-22 -63 32 95 23 74 58 89 65 22 -54 -48 61 -83 34 27 64 15 75 70 -7 32 75 -14 22 -36 -14 81 76 -66 17 61 45 -54 82 -82 -68 -55 2 82 76 -23 -1 4 71 -30 -30 76 -84 46 -18 49 51 -36 11 16 64 -30 -25 -93 40 48 -6 -31 36 -77 39 -51 36 -100 -85 20 81 -95 6 41 -4 61 -21 77 96 14 -40 -82 94 -63 7 -2 -83 73 66 -45 92 96 -23 -52 7 5 -87 -40 5 -52 -37 5 85 -48 98 -93 -72 -69 -62 -50 -45 36 80 70 -28 3 -6 10 -19 97 -5 0 -85 58 9 78 -36 90 -72 66 15 27 -11 -64 -48 27 -66 58 -2 -8 -50 -55 -62 63 -77 33 61 48
-74 -19 91 57 -31 -75 59 -43 -83 -16 3 83 -74 91 -17 -23 -34 -46 -74 55 9 12 67 45 39 -82 -100 -29 -85 50 0 -29 34 -91 -95 26 8 -54 -35 79 -40 -20 -22 50 -68 -32 -18 -91 -1 100 87 -52 -93 -63 -67 99 -52 81 16 89 65 97 -37 24 60 -92 38 -52 39 -74 -96 -44 -74 -90 -91 89 -25 24 4 -24 34 35 7 25 -16 -100 5 61 36 84 17 28 76 49 30 85 -98 91 75 7 25 -7 -63 30 -19 51 93 4 36 40 42 -63 94 -9 -61 23 -85 22 -44 -20 -6 -37 -23 -22 48 96 1 99 -57 -86 -78 -61 1 26 -51 85 -82 -58 3 -39 -90 69 -2 -51 -81 -43 21 -46 -47 -37
39 45 38 -78 -68 97 91 17 -83 -41 13 52 -4 23 -63 -64 -40 40 -3 -22 64 -43 4 38 -61 86 75 -92 67 -79 -24 64 -33 -67 36 -31 -89 92 62 -38 -37 72 87 -73 -80 -11 -96 1 29 -1 61 -24 -41 -18 -31 -85 -6 -5 -9 45 9 1 -43 -84 -5 -38 -44 -30 -85 13 36 -14 -85 -48 28 -26 72 26 85 68 -47 28 51 36 -27 56 42 89 44 52 32 -97 -34 13 62 0 -58 -7 22 55 97 25 -68 -2 -41 17 -50 -82 -59 8 66 -76 81 97 -80 -85 -10 61 30 96 -68 19 -34 -72 67 100 46 59 -84 -99 -56 60 -13 -89 52 27 57 98 -6 30 -74 32 -90 -9 93 50 -96 -25 80 -50
5 -89 3 -48 -49 -52 77 -33 79 56 91 -15 -18 -22 75 0 -40 -13 -49 69 23 37 80 -50 4 63 2 -59 85 -95 88 75 94 100 -94 -86 -70 -61 -46 -82 -47 -46 -39 -47 -59 69 75 -54 -49 98 65 56 26 -3 -45 28 -68 -94 -92 2 14 76 44 45 -70 -46 81 25 -57 -64 73 82 -31 21 -7 75 13 5 -88 54 -58 0 48 -57 58 50 54 -2 96 64 -13 76 2 -31 -40 -29 94 69 14 -60 -8 -53 -41 5 -99 8 11 2 -10 37 50 28 29 -63 -98 -93 62 48 49 -40 52 29 -73 95 -80 59 -19 -26 -67 40 82 -48 96 -55 -100 -30 -17 87 -64 -21 68 22 -17 -78 3 60 -59 63 -25 -15
77 17 -56 -84 -1 36 10 -67 61 83 -30 -4 -78 66 -40 35 -24 -8 46 -18 44 12 -49 -35 -12 -83 24 -79 -77 82 66 -40 -60 -54 -69 55 93 -62 81 -69 -19 -29 83 -74 98 -26 -40 -86 41 60 27 1 -68 -66 -68 73 -81 96 50 19 97 59 -60 80 -78 -27 -66 -3 95 -32 91 -91 35 49 -56 -17 100 -39 -81 64 88 -69 61 -16 -47 84 -85 -14 -38 -65 67 -17 -63 98 -83 87 23 -20 68 2 -51 47 -28 -72 98 91 72 -36 61 -22 83 -50 42 -14 94 7 8 8 -95 37 63 82 86 81 22 -4 95 -19 -47 61 -84 -62 -65 -75 -49 42 -22 11 -31 -57 19 99 1 -12 -7 91 -97 6 59 38
41 10 -73 -8 -48 -12 -84 33 100 -44 29 -8 43 -79 -7 -100 73 79 17 77 -81 47 -96 99 -10 -12 92 76 -68 40 -36 53 70 -85 85 -21 -50 -26 57 -56 -42 96 98 -93 -97 -5 54 4 -61 -76 68 62 -47 86 -45 59 -63 -85 42 -81 -34 84 -12 -11 83 95 21 -24 -4 -65 48 -89 -60 -49 14 7 -7 96 -88 -26 12 -92 93 60 -44 -96 98 -49 99 76 -55 -86 67 -32 61 73 -45 -10 74 49 -15 -99 37 24 76 66 43 89 -41 16 -77 -71 -56 -38 61 47 1 48 69 -81 -61 -1 -12 -100 -89 12 42 39 -99 29 97 6 -11 -52 2 -7 -82 -76 -61 54 -68 61 36 -17 -44 26 80 -56 -28 26
-46 -95 -66 92 65 78 45 -81 34 28 -62 90 -65 -75 43 83 -45 -41 95 -89 77 -4 -54 -39 -59 77 -32 -52 -42 -93 38 -26 -52 -89 -21 61 -36 19 28 62 -46 62 9 91 92 -58 27 40 -84 66 -77 51 -76 -91 57 -47 -2 -54 52 -82 21 -6 80 57 18 -81 -25 16 31 -24 -12 -38 84 13 3 65 49 -38 89 -61 -96 51 -43 31 -14 -33 78 56 -47 -74 -74 -65 -73 52 47 20 -98 93 5 73 79 86 -44 82 90 -42 6 -56 41 34 44 4 -24 16 -72 35 13 -86 -11 60 -86 -32 -45 61 -63 57 21 -58 84 -20 23 -69 11 69 61 78 -98 72 29 1 6 -33 84 -96 46 -6 -87 -100 -61 -97
60 26 -63 13 39 -16 67 -50 0 -39 11 11 96 39 -37 80 -98 58 -72 37 -21 50 40 20 8 -57 -62 59 -33 -22 56 10 67 -76 -12 -25 5 -11 -4 -20 -30 14 14 1 90 47 6 -89 6 82 -44 -42 -86 61 15 75 -73 -8 -29 24 65 85 -61 -36 -82 32 33 49 48 63 -67 -51 -97 -45 20 -67 -39 -88 20 78 9 -59 -96 -88 74 -11 -34 10 -81 82 87 -11 39 -65 85 27 -86 -38 35 -72 -21 -94 -5 92 -96 99 -92 88 -22 17 70 -24 42 -72 -71 -82 -81 -76 -85 -23 -67 -81 -46 -6 72 -31 -98 -85 0 -81 85 70 -70 -34 91 -46 -76 97 -87 -50 76 -52 16 -16 -48 55 57 -23 88 -83
-61 78 72 -23 43 73 -4 -58 69 23 22 -72 13 81 -98 -43 -20 -5 -44 -24 21 35 66 92 29 29 -18 95 37 -6 -97 44 -89 -62 74 -54 76 51 55 -42 98 -67 -1 -80 -55 22 -43 -63 -27 31 23 37 -82 -93 51 -80 -35 95 -14 2 -49 -96 -84 96 -20 3 -7 -97 14 58 18 -14 40 35 -38 79 20 13 91 -52 -91 0 -12 10 23 15 -60 -41 -84 99 -68 -79 -42 -85 -45 -94 -89 -56 -73 74 98 -76 37 -79 6 78 87 -60 -18 -60 34 5 -65 -24 -40 86 57 50 -93 -14 36 52 -84 9 -67 81 51 37 1 -87 19 -88 19 -24 93 -70 -34 65 59 -14 29 84 -45 -56 -79 28 -95 -3 83 7
52 -88 -82 52 -24 -24 -52 81 -31 -21 -57 94 -92 -92 67 -73 27 4 -3 -20 -25 -96 -45 84 80 53 -64 24 39 -36 -68 29 -47 88 -83 -79 46 66 -73 -61 29 3 15 89 -19 -72 -88 60 38 -55 20 -33 91 43 98 -43 -20 32 -79 84 -30 -96 -96 -90 -41 36 -51 -41 66 -71 -97 -31 -60 -53 -75 -16 -54 -59 84 59 57 -2 25 -96 -62 -90 -80 -6 30 19 36 -9 80 -85 -27 54 -50 -68 -1 -36 -87 1 -95 75 -5 -8 92 22 -44 -81 -99 -32 -63 76 -84 96 -77 61 -43 11 -50 -32 -93 -75 80 38 -28 -67 60 -9 -94 -98 50 -82 100 43 37 90 -63 -43 1 -46 -93 -50 35 17 -51 16 65 52
20 -53 -32 18 -49 34 -49 49 29 -40 84 -58 12 -5 29 89 -7 -10 92 -55 35 -90 -100 68 32 -84 -75 82 95 0 93 77 84 41 4 -2 -4 45 6 -70 17 -94 93 -54 70 45 33 11 37 86 39 -71 28 57 -93 -71 48 -27 -40 13 64 24 28 46 -96 38 -37 61 -93 -44 56 -69 60 54 71 -91 -47 -86 38 -12 94 -49 -58 97 -40 -31 78 -77 3 -13 -36 37 13 61 72 43 -79 -23 2 -50 -17 -69 56 -72 47 -6 -79 88 -45 21 -35 -68 4 -84 -13 -54 39 54 -45 50 -3 -31 -79 -19 17 -11 71 25 -80 97 56 -17 -23 0 55 -100 -75 13 45 -63 99 -19 70 92 43 15 -15 55 -94 66
69 -4 14 55 -69 45 -24 -65 -82 -21 1 -6 97 -64 24 8 54 49 66 -44 -17 69 -60 -76 -6 39 -18 -67 14 77 54 68 -90 63 94 13 -92 -73 82 -43 13 60 57 -51 -11 28 -60 -26 -15 -57 52 79 85 -62 -61 55 -82 -65 66 2 27 -71 -86 -60 -84 -34 94 -26 -13 48 -3 15 100 31 82 51 -48 7 93 -65 -35 25 -2 32 70 64 26 95 84 -46 -86 -39 -75 -41 7 -88 -39 -2 49 61 -90 -24 -6 -18 19 51 19 -52 -85 -47 8 31 32 -36 -42 -10 30 1 37 67 -38 3 -71 98 62 -7 -52 -84 -55 -65 8 9 -21 -63 74 -38 -8 63 -13 40 48 91 40 -35 -48 3 -14 -98 -71 -13
12 -58 71 -85 84 73 6 43 20 74 50 -3 16 -52 88 -26 24 -86 -5 26 91 -81 10 -77 33 -30 -78 -25 56 -3 -87 67 -30 -91 -64 22 74 47 -42 20 97 19 22 -89 51 26 -65 23 -69 -25 -7 -73 36 -95 15 -27 33 -89 -41 33 92 67 15 89 -43 26 58 -46 47 -23 -94 -98 85 -25 -65 -12 -96 10 70 -85 41 76 -77 90 -73 21 -63 -78 -15 90 -60 -79 -43 -91 -60 14 84 5 8 67 -67 -18 42 32 -10 68 -40 49 -50 21 6 -55 -39 -77 -28 97 -82 22 -55 -24 13 7 -7 -23 -13 -79 -24 -53 22 54 -52 -78 5 -69 6 87 -33 54 -65 49 17 -98 -27 66 69 47 -67 -30 -89 -41
-46 -13 67 18 -6 -62 -88 7 66 52 66 84 43 -28 -9 6 -3 62 81 -24 -72 73 -35 91 55 72 34 -5 13 -79 -8 -79 92 -19 67 -55 -34 -61 16 -22 -69 59 71 -39 -4 -76 82 50 2 79 46 -70 -76 -88 -45 -45 -15 66 -40 -53 69 -66 92 80 -68 -3 -7 -8 -14 31 74 -96 -17 -42 -3 -82 86 -97 -67 13 15 83 20 -86 -22 -43 67 -27 -60 -22 86 -70 17 34 -65 6 6 -90 77 -30 -24 -10 -4 44 91 90 -51 91 -4 34 -19 69 -4 -26 -88 -68 31 -51 -95 47 62 18 -42 71 75 -90 -92 31 32 66 -68 45 22 -60 -67 19 19 99 -1 42 49 100 77 92 95 80 -43 84 19 43
90 24 31 15 -52 -8 -46 21 43 21 74 -89 -25 -67 90 25 -84 -2 -64 -56 -9 90 -10 95 -34 88 34 -26 52 2 34 50 -45 -82 8 60 -95 -46 -14 -28 44 95 -99 -14 -33 22 28 7 -21 -60 -9 47 -75 -77 72 -41 15 33 26 -76 -93 90 24 58 55 59 -14 32 90 2 88 -35 24 -55 31 -3 71 -75 3 9 20 -18 -17 99 -71 75 50 36 -8 2 49 3 85 -92 -91 15 -49 -29 -17 72 47 54 17 43 71 -87 -25 91 -26 3 47 -55 98 14 2 -20 4 51 -18 55 -60 25 57 20 -55 91 17 75 -83 38 -29 95 -92 59 70 87 -72 64 31 38 14 -24 -63 -19 36 93 0 -59 57 11
84 42 -3 39 -44 54 -1 77 -10 56 -56 -25 66 -81 -93 27 95 -3 86 -75 63 57 15 -78 -14 -70 32 -81 0 17 49 -100 34 -99 -83 0 31 49 24 62 -11 -23 56 89 29 -80 91 -73 -19 61 -12 -58 71 63 -7 -6 36 72 39 -100 30 8 3 24 32 -55 -11 -7 84 42 -99 75 71 -4 50 25 -20 81 -1 0 89 47 -16 36 -2 94 73 21 56 -2 70 -91 93 -64 -98 -55 -58 9 -100 -96 -36 15 25 4 -28 47 -90 -99 -83 -47 -15 78 -76 -72 -88 -30 -32 52 11 -72 46 -34 17 60 -95 -94 -69 -91 -74 -25 74 52 -71 63 -84 -35 -4 52 -37 56 10 14 3 -50 30 49 31 -61 10 61
0 -42 12 -42 -89 75 -75 -19 -98 -60 -97 -66 71 -58 -18 -79 40 -45 -50 35 -42 94 27 -92 -3 -11 41 19 -41 43 -11 43 -83 -70 13 -6 49 -9 84 -81 43 -74 -85 27 48 25 58 -28 27 -8 59 3 24 76 -25 -26 -5 -78 -25 57 79 92 -58 -23 69 82 -15 -2 -82 38 -41 -48 68 -83 -90 -48 61 -33 -69 -35 -45 -66 51 -77 63 95 71 -59 79 41 -10 -39 38 94 25 -8 -75 -71 -83 90 0 -54 -45 -10 52 -53 3 17 -33 -33 -37 -7 -25 9 -4 55 -68 -80 -3 -39 57 -34 48 15 -72 -36 -43 88 -56 -82 -55 -28 85 73 -23 -77 -3 14 -44 -74 73 96 -76 -14 -4 91 96 -25 -72 80
-52 12 50 -6 -17 -82 9 -51 -20 12 73 -56 89 -81 -1 64 29 -88 -48 -92 -99 -35 -39 70 -13 72 0 -89 -32 49 -89 -77 92 33 45 -74 6 -74 -47 44 -75 -75 88 91 88 -99 -1 -57 92 38 5 -52 30 -30 43 74 82 78 42 22 58 -50 77 -65 -32 -75 -90 -17 -90 79 68 -86 -33 54 62 20 77 -9 15 -52 13 -64 -25 -6 71 4 64 -20 -33 40 -27 -15 43 32 -82 -1 70 -25 71 93 97 -91 -16 30 -85 36 -34 23 67 -95 21 54 68 100 43 -23 64 74 4 -60 10 -93 30 93 34 63 13 -21 -16 -54 -3 34 47 -3 -14 1 -59 -11 13 47 -99 52 6 -1 -68 -96 20 -22 68 45
54 -34 59 78 33 25 7 -92 46 -47 -88 89 -25 -77 74 -33 -20 -63 29 -39 -63 -36 -96 74 -12 -44 87 92 66 -74 -99 -80 -71 33 -45 31 8 78 7 -48 -98 -12 -67 -25 -71 58 91 57 12 52 63 58 -39 62 4 74 -58 9 -98 89 98 -92 50 53 80 -55 -52 39 -81 -92 51 75 -84 -72 91 78 -64 -46 43 -6 -69 23 46 72 51 -3 31 -31 -53 91 -17 -52 -91 85 -66 2 91 -59 94 -53 5 -84 -62 14 -9 -33 65 63 -47 23 54 22 -21 -34 62 -38 96 -30 -79 85 -99 54 -56 -48 -76 4 -40 60 -52 12 -4 31 72 -14 88 48 13 71 69 9 -47 41 -64 52 -37 -47 9 -97 -58 85
-2 -88 80 -36 -73 61 -95 56 -77 -98 -43 62 -79 55 23 22 -44 39 -8 -24 -60 -69 62 87 16 -26 -86 35 79 98 29 41 -24 -16 29 52 53 -77 54 44 -90 64 24 -31 100 55 48 89 13 31 81 -16 73 -37 -4 -20 -41 49 -86 81 -56 -97 10 -13 44 5 -12 60 -14 42 -11 47 -90 37 41 28 7 -37 -16 -93 76 -96 -12 69 63 -3 38 95 48 3 -48 35 -40 18 26 43 84 89 85 -53 22 -69 -95 30 57 21 -73 -38 -15 -87 60 57 53 -83 -2 -17 31 2 56 11 37 -57 15 50 -70 -21 -76 13 71 -58 88 62 50 87 59 -48 -23 -36 4 -29 -85 -44 -64 45 30 95 30 -58 -48 -60
30 44 -51 47 -7 -61 -70 -53 -14 53 -1 89 50 -11 -69 70 -14 31 -98 83 -38 -29 2 -46 -98 88 8 -98 90 -19 -18 8 43 -58 8 -7 -21 75 -83 95 -24 53 37 -85 97 -86 77 43 37 -69 -8 43 76 34 -8 -3 -26 7 85 -76 -42 -59 58 99 3 -5 -9 51 76 -4 -29 -65 -15 96 32 -98 -6 -52 30 13 -1 -6 68 85 95 -92 99 -15 -27 48 78 67 -67 -14 96 100 -30 37 86 -32 95 8 -72 -98 68 62 -38 -31 34 6 87 97 64 43 97 85 7 -81 -64 44 79 -38 -18 73 94 -26 69 -32 -46 -76 -73 86 5 -79 39 -12 56 -44 -73 -13 -38 24 32 36 -63 17 -88 73 38 5
59 -72 11 -89 70 51 -49 74 88 97 -79 -79 87 62 69 -6 -58 -97 15 -94 -67 58 -79 62 -47 5 -58 -26 -71 80 82 -38 31 82 46 -47 52 51 -5 84 80 -98 6 -9 21 -70 -51 -18 -41 -50 16 70 -77 33 1 41 -18 13 70 -12 79 -12 -74 58 76 28 -43 -60 -78 7 -29 86 -96 55 -39 -80 -80 0 95 -91 18 25 -32 -31 47 -73 -12 63 -32 14 66 57 57 -90 -2 4 -42 86 28 99 -39 28 79 74 -90 -51 -25 -45 -47 91 53 -60 -100 -68 -35 -91 52 97 -54 47 71 -17 -53 -85 32 -42 86 -51 -96 -88 81 95 -74 -58 83 -47 -72 57 -99 54 28 -63 39 28 57 38 -87 20 -96 -83
83 -37 -30 -52 -52 80 8 -18 68 -53 9 14 -36 -10 -11 70 -60 5 -63 -53 -62 84 -87 69 16 45 -88 12 -77 -74 86 -96 26 29 -7 26 -28 -67 99 -22 89 89 -36 34 97 100 45 -70 35 -1 -11 81 36 -72 65 59 -38 -10 54 -43 74 9 -39 -57 21 71 5 63 -9 62 -46 -30 -95 43 42 -52 -80 21 45 80 74 78 -33 -38 -29 30 -67 34 78 -11 38 -52 14 -43 41 34 -44 74 20 71 19 4 48 8 100 -19 96 -3 -80 -6 -27 -34 38 -85 57 93 -39 5 27 -59 61 -25 40 42 -58 40 -53 -31 -57 -31 2 -48 -7 -75 -64 14 42 32 -94 -13 93 16 -46 -85 -75 -32 51 -96 62 -63
28 81 -53 -25 -43 2 -18 55 -2 -46 1 49 -58 -8 -11 1 -1 19 -21 54 -33 51 26 -25 -6 65 33 19 14 20 87 26 -39 -7 74 -76 14 92 37 14 85 59 16 74 48 -84 -90 17 47 -41 -92 37 4 -55 -37 24 0 25 50 -14 -73 46 48 -70 -36 90 98 -19 22 17 65 42 85 -38 -77 -82 -38 -56 -74 89 -37 37 -50 92 -55 12 -12 -39 -34 -21 78 97 34 -53 -84 -53 33 49 -4 -49 -57 -30 -36 38 -83 69 89 -78 -11 -93 -67 100 -45 -49 -33 51 36 -52 -34 88 -23 -82 -73 -47 -4 -98 51 21 41 81 -78 71 94 -11 21 46 44 42 89 58 -64 14 -91 -69 2 -14 -64 56 -40 -49
16 -14 -85 31 39 -15 -45 44 -19 -86 31 -26 56 46 -11 -46 20 -15 57 -20 3 -4 33 -62 87 81 -22 62 54 -7 88 46 38 31 -2 -47 -24 -68 0 -19 26 77 -48 97 66 24 37 -68 96 -72 -60 6 32 23 -83 32 -22 -77 -80 -100 90 15 -62 26 -100 -50 -98 2 -40 -2 85 -55 3 60 42 -29 -8 96 -36 -37 -23 -81 -66 -49 -48 -9 -58 -40 90 42 2 -31 10 21 24 -72 60 5 -77 -25 23 14 3 12 -40 79 40 -30 56 4 45 43 -29 -17 -22 22 97 -53 -40 -30 -12 23 -56 34 -55 -9 36 42 -9 77 -42 38 -4 -40 90 94 -98 65 90 -25 41 99 -59 62 3 3 9 -56 61 -46
-78 -86 -76 -48 96 42 -46 -72 -21 -89 39 25 46 31 -65 22 -87 -92 -8 59 27 64 -99 12 73 81 -15 -48 -70 -47 -23 92 8 2 -67 90 3 98 -33 5 -38 -59 61 -52 90 98 22 20 -76 2 -93 -69 22 -92 -97 56 14 94 -38 40 -89 -27 3 -43 58 69 -73 -91 -84 5 90 -8 85 -57 84 -75 -61 -41 -40 -18 99 -41 -39 18 86 -96 78 -87 -58 -85 74 -60 -18 -13 88 87 23 -32 15 -53 74 94 -45 69 -73 75 -24 -66 65 3 44 -52 -57 53 -99 30 -5 -51 84 65 84 41 -96 -35 -71 65 94 -68 -21 -48 41 -33 -18 75 -33 -29 92 -25 -11 52 65 3 -50 -74 -94 74 -8 51 19 56
-31 31 -29 35 92 18 3 80 -32 -45 -55 89 -90 -80 8 86 56 -35 67 22 57 -51 -22 76 70 -52 78 -76 -67 30 -82 50 -16 -98 5 19 -47 69 -53 -47 91 18 80 6 17 -11 -52 -66 63 -18 -4 49 -50 -82 64 -58 -2 30 -96 64 -20 7 1 -74 40 -89 48 -30 80 -60 -69 -29 49 100 -29 -33 -40 32 -53 73 89 88 -90 -60 32 -8 -52 -33 -6 -44 -22 -3 -40 -80 -7 70 -93 28 -46 73 -12 34 85 91 -60 -60 -16 -20 12 58 4 -40 -81 -95 -75 76 -31 20 100 -11 -51 71 -4 -65 5 49 -3 43 14 -12 -56 -75 61 -67 76 29 91 6 98 -74 -56 -39 -67 32 -92 -52 35 42 -79 -96
-53 97 -76 -82 -14 95 -5 9 84 -25 23 -1 -7 -85 93 38 -24 -74 -31 -40 -44 0 82 -84 -63 -98 -70 40 57 -48 -31 -65 96 38 31 -27 87 -23 81 -34 72 -30 94 -43 43 -36 11 91 -78 -75 -30 -22 17 58 61 100 -22 15 -41 -70 -14 -54 29 79 -41 -58 -89 -55 95 29 26 54 -98 -6 39 76 -29 -55 4 98 48 51 56 -66 68 -76 97 92 33 98 10 -58 -66 -50 -46 -70 -26 -55 -56 75 14 -67 72 -32 87 49 15 96 -94 0 1 -73 20 -37 -91 17 99 -29 -3 -21 3 -9 59 -62 -89 -51 47 -67 9 -55 8 -32 29 72 -99 -34 -100 1 -87 25 -89 -95 -38 97 -83 -43 28 -29 -62 0
22 92 -52 -32 10 -83 60 56 32 -36 -75 -37 65 88 -37 -43 -72 94 -10 -65 -72 -47 -90 -97 -77 -32 52 23 -82 85 36 67 -72 -82 84 50 -23 -66 -16 74 7 -32 -31 90 83 -1 64 -48 15 -14 73 12 10 -27 -12 39 -70 -75 79 -8 -77 63 -25 -72 -65 -86 3 -77 96 46 88 -3 -82 -6 -32 -58 -25 16 -11 -98 -16 -76 -66 24 -40 79 -56 54 86 -1 26 -23 25 64 27 -82 -45 -76 26 88 53 69 51 0 90 -98 68 9 37 -58 95 18 -90 53 93 -15 26 61 -25 9 99 49 49 -1 -31 7 -99 93 -36 -13 40 14 94 33 36 -41 -55 91 -85 -23 -80 27 -77 -41 5 -74 53 -49 81 23
-54 25 -69 -48 -14 -78 -83 68 61 53 -32 64 19 -41 92 65 -66 39 -42 -64 66 49 -36 26 86 -97 8 -68 -78 -25 84 31 44 -2 43 66 41 -40 31 64 -80 0 56 74 22 -62 0 65 -54 -48 -46 -23 -19 15 63 93 30 54 -80 51 -42 30 71 -94 -34 86 74 -100 -3 -53 38 13 91 88 -59 -90 -97 -39 -71 -38 50 -13 65 -36 55 80 32 -31 -60 -13 -11 -30 -60 9 -65 -18 83 20 -70 -82 76 -64 34 -87 36 -23 70 84 40 42 49 1 12 42 -71 63 36 56 -30 43 -79 -43 33 41 -47 -97 -72 27 42 45 0 -8 15 -98 59 -45 56 70 -19 42 17 83 85 100 -22 74 -34 -45 -98 100
-48 27 -40 1 -2 24 -94 -75 74 83 -32 82 -82 -23 50 -15 15 65 -76 -80 -64 64 30 18 -84 73 1 2 34 59 -64 -19 -5 77 57 -70 -99 95 -4 31 7 -73 -96 28 41 69 34 16 -89 -78 10 43 84 -79 80 6 -27 77 96 -59 85 47 -69 11 44 74 98 61 -11 42 -26 -13 39 72 -25 -33 29 -9 79 56 -51 -37 13 -85 61 -79 53 82 -17 49 90 -36 -97 5 -14 -87 32 47 46 37 -22 22 -12 40 -91 -43 -81 -62 97 -22 38 -12 -68 -40 -90 2 77 4 -70 2 -93 -8 11 -52 68 -86 16 -55 76 -19 -40 -97 -75 93 -88 47 -47 85 -82 15 9 -38 -14 -9 50 -84 -53 -61 63 10
80 -25 -87 48 -34 -32 -44 77 17 -77 -66 -85 42 3 -8 -89 -16 34 63 22 -71 -19 -49 82 -61 -24 90 -92 -81 1 17 2 88 -31 -38 41 71 83 -90 42 -72 -15 50 87 56 64 0 65 -80 -54 57 -51 -76 -52 94 55 64 13 0 20 27 29 67 0 91 86 45 -80 60 -54 33 -87 -95 100 60 70 -96 71 -88 75 53 -40 -72 89 78 58 38 71 54 -95 57 2 75 6 -11 53 3 53 -25 -51 -3 15 91 23 70 46 66 66 -38 99 23 79 -50 56 -37 -30 -15 2 53 -63 -50 96 64 42 3 -57 53 30 -72 71 -72 91 20 -60 -80 66 -67 46 33 -72 37 45 -31 41 -5 -94 84 -13 -86 79
39 -54 36 -14 -83 -73 8 -53 -14 -18 7 -37 43 -86 -4 19 55 53 -54 34 -84 46 40 -13 19 -33 20 -72 -61 -84 -17 -55 86 -12 89 -50 40 16 -32 57 51 47 32 -11 -64 -31 -96 -85 36 -97 -34 -17 -37 -83 -90 9 68 49 85 -2 79 99 -16 -2 32 11 68 99 -25 -20 -41 76 86 11 -100 2 81 -98 9 8 91 -98 13 -19 -53 90 94 -47 -26 92 -38 57 72 -25 46 17 3 11 -77 -16 -64 95 -14 -96 -57 -16 -68 -84 -38 -84 17 47 7 31 94 8 23 47 -35 68 -75 19 -30 -98 -58 53 -98 -96 74 -1 89 6 27 -48 -42 26 62 93 33 9 81 -11 88 20 57 -70 2 85 20 44
-86 20 -42 28 95 32 22 -46 41 23 -27 -30 -25 85 81 -13 -96 -53 5 17 -50 50 15 83 74 14 -70 -19 95 98 53 -11 -41 2 29 -95 -97 -5 -22 -48 20 76 73 79 -71 25 36 31 44 17 45 84 -2 77 -20 46 27 6 97 88 4 79 69 -23 12 70 67 -72 -90 57 -44 32 -74 89 19 60 -11 6 -15 -23 -59 -6 97 80 -22 0 -53 13 23 -56 12 59 92 -5 -57 0 -96 -86 -36 -10 88 41 -30 20 19 -92 62 36 -23 -54 -64 -28 1 -1 46 -35 67 -3 -91 -82 -57 29 -35 60 -47 67 77 26 33 -36 99 -25 32 -58 -9 77 -14 -60 14 62 19 -2 -5 35 89 6 89 -71 34 -82
15 22 -16 -12 -100 18 -61 -70 -16 -59 -3 -92 -37 49 19 8 -37 -9 -99 -29 -71 8 12 23 -39 71 -52 0 -99 -25 82 14 71 17 88 -55 63 87 -19 3 -13 94 71 -67 26 5 -5 -88 -72 20 -42 -91 -91 17 -53 43 51 2 99 -16 -1 45 5 44 54 -25 -64 -90 -48 -32 46 -11 -16 -33 76 -7 -69 75 -69 83 25 71 -33 58 86 -96 75 60 -19 98 18 -11 -65 31 4 -15 16 17 -42 25 -52 78 -55 -59 82 -20 37 -41 -66 38 80 1 65 23 83 40 36 -53 38 72 -5 -80 -93 85 -88 -21 -15 98 15 55 -24 -100 100 -100 100 -43 10 7 15 67 22 8 -100 42 33 61 -47 -18 -76 -52
