35 49 37 -38 28 -4 -34 -96 -11 60 45 60 -44 77 -2 16 82 21 0 -66
-51 23 -57 99 15 23 -62 -15 15 -74 -2 -87 -50 9 59 -51 60 12 3 -13
81 -39 25 -32 -6 87 -68 39 12 -23 -67 -64 -35 -48 34 -66 -79 52 -53 17
-86 49 41 -29 -56 61 -41 58 96 -60 -1 27 91 48 53 -57 -52 -19 -28 -96
-87 44 75 29 -60 86 -61 -27 -40 -87 6 78 -8 40 -25 2 -63 24 -91 -51
-53 3 64 73 -38 6 -34 55 55 52 78 -45 -40 91 54 -54 -88 64 -10 11
-35 -25 -4 32 5 -6 20 -34 -3 -69 19 47 87 -30 -72 53 -56 99 -37 -32
-31 80 -7 49 70 46 -23 97 89 88 -25 70 -7 -10 29 -43 81 48 33 39
83 60 -81 52 80 -61 82 -79 -38 74 35 100 57 -80 69 -85 -50 -68 76 20
-62 32 38 58 -41 0 5 88 -39 -84 0 -62 2 -5 0 97 -26 30 73 63
-47 -29 -89 71 45 -2 -5 -59 -42 -90 -41 51 62 3 -64 98 3 64 91 0
-88 2 55 -82 60 -87 86 -23 -77 -55 59 -30 -52 100 64 -84 60 -7 -67 82
-27 -13 69 -28 -93 -18 14 -5 -53 38 -86 -97 -33 -96 -29 -73 84 23 -49 1
-35 -85 27 -30 87 59 -24 -12 -75 -72 45 31 -76 -62 90 -37 -58 -39 28 -30
-15 -86 63 -36 -69 -37 14 -68 -68 -22 -13 44 62 71 -58 37 35 92 -44 -87
-51 88 33 -43 -89 7 -87 -67 -83 65 7 51 13 86 -58 -54 71 65 -63 -77
-10 68 26 -27 -51 10 46 20 -68 -46 -27 -58 -3 -13 18 -55 -53 59 31 -29
-96 -68 66 -94 24 43 -16 82 -19 78 95 74 24 72 -60 -92 35 69 40 61
-92 79 -15 82 -68 84 -1 60 77 -97 2 52 18 -3 -73 -8 57 53 29 76
58 -2 10 -9 63 -49 78 96 -29 9 -24 -63 -70 -39 -8 -82 -47 20 -85 -57
