37 -23 8 84 -58 -77 -32 -30 31 -82 -78 -58 -92 -35 64 9 97 61 -42 -13 76 -53 37 -10 -78 67 -13 -82 23 -35
8 -10 61 -56 -56 -69 -59 62 0 53 56 23 -7 -37 -48 -67 -90 -97 30 28 61 50 36 69 23 14 -65 89 54 89
24 90 -24 -34 100 -22 -73 63 84 -78 -99 -41 -93 66 -78 -89 -66 -59 95 59 17 -45 -32 -71 -63 -41 -18 40 77 -19
-65 -1 80 -72 -94 4 -91 63 -99 -16 20 -19 -40 -39 31 -29 70 -4 29 -92 81 -23 -48 51 56 -70 7 -26 -39 69
95 81 -41 5 -65 4 -83 55 37 91 -92 43 -66 75 7 -36 9 72 96 -18 -9 -7 -60 15 -48 82 51 77 -89 -99
45 -86 -52 98 76 -62 74 77 -94 22 -45 97 9 -86 6 -73 -82 -24 22 16 84 -92 -12 62 -86 52 -74 82 -16 34
74 -47 1 -41 11 -24 98 67 91 17 -78 59 63 74 78 77 26 77 94 -5 44 53 5 -47 81 -2 -91 -13 84 -47
76 60 87 0 -45 -9 -97 100 -31 12 46 -56 32 -56 -23 53 -57 -94 -98 -90 62 -85 -13 6 -51 -76 98 9 -99 -16
-10 3 -40 -25 -31 7 89 -52 -31 26 68 70 93 18 76 46 6 12 -50 38 9 52 12 -61 -85 -11 69 18 -79 -4
3 -66 -25 6 -37 59 -96 -7 90 -60 -37 -98 73 -18 -87 30 -34 -40 80 31 -76 27 28 48 72 34 -99 -13 92 -69
-49 99 -61 -22 76 79 15 -29 51 61 -70 -62 -10 -41 -95 53 41 53 -64 -17 -42 -86 -51 25 26 65 -49 -29 -93 1
41 -79 -49 15 2 -26 3 13 43 51 -57 57 87 16 -6 70 -45 -51 -56 -29 -43 -57 -59 23 34 -89 -56 90 90 32
-35 45 -61 -52 7 -88 -71 3 -89 22 64 -16 75 -41 11 16 17 97 85 -99 -38 86 -13 -15 14 -38 -35 -80 32 1
48 44 69 -20 -82 65 30 -70 54 -64 -93 55 24 71 -72 -61 47 96 2 19 -8 -29 39 85 19 -42 -46 38 -66 13
-21 -2 -5 85 -52 -71 71 -83 57 -3 -61 -50 -2 67 98 96 46 15 -55 -32 43 86 -19 66 -57 39 46 6 -51 -2
-20 22 -38 96 81 -52 -90 83 86 -70 -18 -69 -16 -83 23 -47 99 -48 -15 -36 23 22 16 -64 87 -42 76 67 -9 -46
-44 44 -68 74 43 -9 79 88 15 96 85 -75 -38 73 100 -16 46 27 1 100 -48 -42 -4 81 -61 7 -34 -85 35 71
-52 -16 70 -91 31 100 -46 -20 -27 -94 -42 76 75 29 23 24 47 -17 23 -87 -3 -87 97 24 56 87 -74 -27 61 14
67 7 69 -95 10 31 100 83 14 90 -22 -46 83 29 -5 62 35 -15 98 92 68 -71 -24 -96 86 98 -4 -36 53 -87
-68 -20 -55 58 -28 43 2 -83 67 -78 -64 64 86 -22 -26 48 55 7 30 37 -28 47 -5 -96 60 18 -31 -26 -64 -97
-55 -80 -90 48 -75 96 -84 -22 -39 -44 27 -26 -62 49 -32 96 -49 25 29 4 -42 -20 32 -6 88 -39 -93 -86 -50 -73
52 -13 81 10 19 15 70 81 -61 -1 -37 -32 -79 -6 -99 74 -94 -68 68 3 64 25 47 -99 -73 -79 -2 1 37 82
-70 -70 -28 54 52 20 -93 46 -24 -80 53 -50 57 18 45 -16 -94 20 90 7 -90 -67 96 -29 -85 29 23 -56 -6 52
-65 45 39 -30 -73 74 -58 -79 17 2 -47 42 -40 -69 -16 -55 4 -58 -83 9 32 -80 69 43 87 77 -27 1 -86 -78
-8 85 89 34 49 70 66 -58 -96 -40 -18 -84 -95 -85 31 -83 52 60 -86 59 81 52 38 -13 -18 63 67 60 21 20
-38 83 34 -27 -30 -26 34 58 80 93 -18 -11 64 -96 -55 -17 -86 49 -56 -26 45 -65 92 -67 -33 91 -30 30 38 24
86 -52 100 -85 23 58 46 -56 -97 37 -54 -26 -68 38 99 -55 90 -88 97 -11 -79 -74 45 -98 20 49 6 98 -23 -83
-50 82 24 14 0 98 -85 12 100 4 29 -44 -29 88 -96 -87 -17 -22 3 -77 10 85 39 78 -67 -75 8 -35 -56 9
-72 -6 -87 -18 -66 -55 0 19 -77 83 -64 -31 -2 -62 -33 -67 -23 -6 90 -52 21 85 9 87 -38 -43 54 -90 73 18
72 1 84 -7 6 78 -26 78 98 -92 -59 -90 -34 -27 71 36 -75 35 49 -94 -29 -88 -21 -58 51 91 95 74 -36 99
