94 64 -42 0 64 -7 -46 -94 -38 -37 22 27 -85 38 47 -97 81 34 59 43 87 -70 -73 -34 -96 -11 48 93 15 -98 -19 -53 57 -31 -45 -38 43 -29 33 -41
37 -23 -19 -37 27 -15 -8 75 24 68 -53 -99 -33 33 -6 68 22 89 -88 -8 -27 28 36 -90 -20 -95 95 -1 46 98 -99 -59 84 -53 28 -53 -31 47 -43 -56
-26 -95 88 62 43 -18 -5 -96 -19 -55 62 21 55 -20 96 60 -85 24 -21 73 46 97 38 -86 14 -24 48 42 75 54 -86 -55 24 43 87 -76 95 -53 24 -67
27 69 52 19 56 13 -90 -46 -22 64 -79 -60 -65 66 -27 -1 9 80 -59 2 43 90 -80 38 68 86 66 51 78 83 -57 -92 51 77 -93 100 -77 53 -6 -100
-55 21 -72 63 97 96 44 53 67 -79 -27 48 56 100 -63 93 -40 62 -81 -10 -47 -83 -18 10 83 -66 -62 71 -22 79 64 -30 61 -58 55 47 -3 -37 68 -93
-99 -65 4 59 -50 15 74 34 -37 25 97 -40 40 11 -40 97 56 94 -67 -69 40 73 -51 -3 59 -88 -81 95 51 -29 -1 45 53 -58 12 45 -90 41 74 5
-66 -85 -74 12 -94 48 71 2 76 -64 26 20 -77 -75 -37 75 54 -80 -1 -72 87 -52 37 -72 -85 -30 42 -80 71 -46 9 -92 -20 -53 8 -2 -35 -91 -74 -35
65 -82 71 46 86 -90 -30 -99 -68 -91 63 -85 90 -52 70 -38 90 53 -12 19 -73 10 -79 21 -83 93 -26 -71 86 -1 -68 77 88 -98 -19 -74 74 47 86 21
81 -63 -17 10 -19 73 36 -71 62 -30 -85 -54 31 22 55 -2 34 -33 -42 -8 -98 -77 -10 38 -8 -75 3 -15 -2 -46 -46 -99 88 58 -76 53 -92 -65 -69 -25
57 -59 -10 50 -17 55 -100 -53 -95 -83 -91 66 11 -15 -60 -44 54 -43 25 58 16 -65 35 58 50 -17 -28 -60 -18 84 80 -69 -77 -58 30 89 -76 62 83 -36
-23 -2 -23 -49 43 10 47 75 51 13 75 -34 66 50 -50 63 4 85 37 -57 14 2 58 34 -42 42 26 7 -65 50 -15 81 -86 -44 -19 -43 32 89 31 27
-29 5 -20 3 48 81 -86 -39 -86 -93 -25 38 49 70 -47 68 83 -20 -1 24 98 37 5 30 36 70 -31 51 78 5 -76 -23 6 23 29 -90 65 20 90 -1
25 24 -6 -86 7 -35 -97 68 -53 100 18 28 -4 87 55 -54 -72 -68 -10 45 53 -66 -19 21 -86 31 28 67 79 50 -23 73 80 29 -38 24 4 100 59 0
71 -33 -89 17 79 -50 86 86 -65 -89 58 65 80 48 -27 -64 54 42 -79 -89 -36 2 72 70 -5 -57 55 59 -11 -13 -12 -64 83 -34 -100 -74 -97 31 20 59
-71 -60 -64 30 -77 -57 -79 63 67 4 94 16 -88 43 -7 94 16 39 -7 -20 99 2 -42 -51 -6 -2 61 99 8 45 10 -49 -21 -53 38 -22 20 -76 -34 -76
-87 -45 -49 -48 60 67 -54 -21 86 97 -58 74 52 94 -75 11 33 59 58 -7 27 -55 71 -67 -53 -7 -87 -37 3 -5 -82 21 -41 -68 -65 -14 96 -30 79 -73
-90 15 86 76 92 -64 -68 94 -95 19 -32 -46 24 -18 -32 -10 -88 7 43 -13 -87 89 91 68 6 -60 22 58 -74 -44 77 -26 23 51 60 -82 15 1 72 -4
2 31 -79 83 62 28 -92 12 88 -21 -13 32 -71 -76 -27 4 -75 81 78 -12 -42 -96 -63 55 42 -13 -25 80 -86 -36 -82 24 92 -52 31 12 92 -48 51 8
-51 12 -62 -7 54 48 -27 -84 -52 30 52 51 38 -48 65 44 17 1 88 5 -50 -36 -18 -39 8 -58 46 31 -9 -22 74 -57 94 -14 -18 -12 8 58 87 97
35 6 -68 -56 16 17 -94 75 70 -6 41 -45 21 -88 61 8 19 12 -28 -16 -18 49 50 4 -86 15 -34 48 63 -17 76 -67 -99 43 -86 8 -53 31 72 -100
33 -73 40 -30 71 35 -74 -25 47 48 7 -75 -25 -51 -46 98 -27 -60 -44 -90 -86 -64 -56 -12 -45 -59 -73 5 52 -61 95 48 90 91 -76 22 82 -94 -59 48
51 -30 100 100 80 24 -92 -38 40 -81 54 70 16 -24 38 -50 -90 -51 -93 16 -84 65 37 -77 19 -30 -12 33 82 1 19 80 -24 10 -82 -86 26 14 -59 -51
84 84 -5 -44 70 33 -4 -87 89 59 52 -3 84 3 -90 -96 74 -96 -1 5 99 -2 79 -47 -92 93 -27 -36 8 -16 -81 -63 93 -48 -49 11 -2 -70 -31 -54
6 90 25 -30 75 19 -70 56 6 -47 -55 -74 64 -50 -43 19 -35 14 -75 -35 -50 -39 -72 -19 -73 -50 29 -77 -38 40 5 53 55 62 2 -71 -39 -90 13 58
-54 -13 -33 -9 82 -56 52 62 15 -91 29 81 -10 1 -35 -78 52 72 -85 34 21 -11 -83 52 64 -55 -34 12 73 87 -90 74 95 -67 -28 67 -35 -44 42 87
83 -19 95 -39 36 -67 -12 39 49 28 -83 -93 27 99 -44 -40 -66 -46 93 -75 -33 -5 -93 -73 74 43 -41 61 -61 -7 -58 -53 -53 28 77 -40 -37 -39 38 26
46 10 -100 -16 84 -90 -97 -42 59 96 -19 25 63 46 -12 -56 -50 -76 0 -71 33 51 99 38 -91 46 -47 -28 -88 11 66 65 22 78 8 100 -41 -56 -62 42
75 -48 62 -87 78 55 22 -70 -50 -41 -58 -69 -71 61 14 -97 -17 23 -95 -27 -53 89 33 -16 -22 -3 -51 27 -54 -22 -17 67 -40 92 -64 -51 26 -73 29 -74
92 -100 52 52 -36 -29 76 -27 52 -13 -68 -65 18 -21 31 39 50 -7 0 61 71 7 -95 58 -57 -92 -24 5 99 95 74 83 -94 40 -62 -31 -40 -31 -1 -92
67 16 28 -24 12 67 -78 59 -30 -80 -42 -93 47 29 -37 87 60 -60 -96 93 99 30 84 -29 47 -86 60 -91 79 -23 -27 -100 10 36 -72 3 -52 14 -90 10
-99 2 68 84 9 4 -10 -37 50 48 33 -100 -16 85 -7 64 -4 -7 -39 -100 52 -98 82 92 -45 -94 -53 87 -51 61 92 4 -82 34 -64 -45 45 -2 11 33
26 30 -83 48 -57 53 99 -61 40 26 -17 -12 -74 -30 -96 93 50 -96 31 -15 60 -100 -18 -53 -76 67 26 43 -54 2 -80 -12 21 -14 -93 -63 -91 -28 44 -11
-90 62 44 -19 -89 -77 74 -71 44 28 31 -74 62 -98 -57 4 37 -71 42 79 81 39 -55 -15 -59 2 27 56 19 53 -27 -71 -81 -68 -16 -41 -32 46 89 -44
1 22 60 69 -50 -83 -84 -93 -98 70 72 83 8 84 -65 41 8 -9 -1 -63 -5 78 88 -73 -53 -6 88 -84 68 48 88 86 -24 -69 71 -13 42 -45 -48 20
26 96 -42 -94 -20 49 67 23 11 30 60 -93 -99 85 -26 53 65 46 79 40 -89 -70 -34 -16 -10 52 95 -48 -73 8 99 67 -18 -95 -85 -87 99 -61 -16 20
-41 76 42 46 37 -21 64 55 -87 -78 -88 51 -23 87 -71 -4 -58 98 -92 -72 -21 -82 80 -100 16 -76 74 -34 58 -77 54 -94 46 16 -90 63 -16 -64 81 56
58 53 4 16 97 -1 52 18 79 88 -72 35 -11 -42 -75 83 -89 26 -59 51 -35 14 -74 46 43 -56 -48 60 -93 81 63 -42 -41 -94 -11 -19 -2 12 86 45
18 53 -28 -95 -43 -71 97 -72 21 18 99 -68 52 -21 28 91 95 1 88 -79 57 -68 43 15 30 91 -38 -12 38 27 23 -12 36 75 -67 -12 15 97 -37 54
87 67 16 89 61 -53 -34 -97 80 92 -11 -66 28 -21 -88 -50 19 -50 -62 -2 -58 22 51 -16 21 86 -82 -58 55 31 62 -60 1 97 -97 -9 -19 -21 59 3
88 85 80 -40 66 -18 -93 81 36 46 -31 -79 61 99 -90 -47 75 52 -29 63 -94 80 -1 67 -54 -53 -44 -13 53 -13 -2 28 93 36 -63 94 9 -36 -100 -48
