6 -86 -32 -47 -22 3 -100 37 31 -97 66 -62 -7 71 -36 34 -65 -91 -75 96 63 -14 -1 -38 62 -47 -67 -79 91 -67 44 57 26 83 -96 -27 -27 21 -52 36 -42 -100 76 -14 49 -86 -42 -82 -39 -26
-46 66 6 8 37 67 24 25 92 -48 -19 -30 17 -60 -37 -48 -48 93 63 44 91 76 -95 82 -14 9 4 -74 51 43 71 53 56 -74 -15 -76 -39 -85 -83 -10 -94 61 -57 -48 -82 -55 58 -10 6 -81
50 -31 -38 -9 28 -35 82 0 30 -19 71 8 9 -24 -16 -74 -55 -14 -58 100 -3 -41 17 56 -90 65 33 0 39 56 -12 30 40 33 94 88 -12 94 11 -4 -6 -39 84 -60 44 -90 -38 61 -13 45
-42 74 -45 -57 -89 -63 72 -12 -37 21 94 -89 10 8 -83 20 -35 78 60 43 15 -92 -45 68 46 -85 82 -50 71 40 41 82 -92 87 91 -67 87 68 89 -26 -40 -71 80 -61 50 18 -40 -51 -55 37
71 35 -98 35 -92 88 4 -23 87 13 28 11 -38 -5 -79 -96 -81 -38 -58 -90 11 54 90 84 -13 -90 88 3 2 -30 -35 35 43 21 89 0 -39 33 -5 43 -89 -19 19 -72 -62 -35 82 43 -6 -91
-34 71 80 -92 26 -39 -28 35 94 0 83 -37 78 9 10 -55 -14 -49 -37 -3 8 -23 -42 -60 -62 -58 -90 75 -1 -93 -36 -26 94 -15 27 78 94 29 51 57 -87 28 -13 -45 56 -26 100 -73 53 98
-32 48 -23 -66 -13 -87 -4 92 -1 -3 -92 -15 37 -28 -85 49 -71 -19 -70 42 42 45 -80 37 18 -16 -31 -67 44 -73 6 -14 -43 -46 -96 70 -30 82 -46 3 47 -7 73 -85 -84 -69 -68 -13 -1 10
-36 24 26 58 5 -92 -29 22 -86 47 -86 -13 -57 48 -79 -88 4 1 -35 8 -5 35 78 68 59 -12 -24 41 80 -59 -62 -83 -2 -31 -16 36 -16 36 -96 -85 -33 -72 -9 -11 -10 47 38 54 56 -7
2 -92 41 66 -88 -4 -90 91 15 -82 -66 -13 94 60 -28 -98 -29 40 -84 38 -78 94 9 85 -85 -99 69 74 62 -34 51 -63 -56 -41 95 25 20 -50 -70 -31 -86 -25 86 52 52 -9 -43 -62 -56 19
-72 6 -95 -53 99 80 -64 -82 67 -98 -36 1 -51 -90 -7 59 -74 -31 -88 49 92 74 90 -10 66 74 14 91 69 -48 97 30 49 -74 -19 59 81 -91 68 -79 20 -41 -55 -89 -13 -38 -67 -58 5 57
-75 20 82 59 37 -75 -14 -53 32 46 -54 -2 -49 7 76 30 -87 -39 40 -57 -92 -18 3 77 58 63 -86 16 -57 72 18 -51 -50 41 34 63 -69 -29 -68 1 -28 81 -35 52 49 78 -85 -66 78 -4
63 -29 -31 28 -98 -75 -49 -95 15 -35 -77 -1 -60 -88 54 2 -67 71 -94 -76 74 -43 9 68 36 32 85 -26 6 -47 -74 -87 23 93 83 49 0 41 36 -85 -98 5 -43 99 -5 96 -89 80 87 -40
-1 -96 69 -46 -69 -75 35 -87 8 64 84 -10 -78 -81 -82 -80 -65 21 -47 70 -43 -95 37 71 31 98 -53 17 5 7 -17 69 -83 -58 37 -2 -50 40 -4 -29 43 17 -80 -31 51 87 -68 -71 -61 -40
57 -80 91 -96 -94 100 -34 -14 -11 -7 10 58 -70 -84 38 87 -27 -20 96 6 -74 31 -72 -57 -76 45 34 -54 -3 77 -58 -4 -2 -11 -64 -17 -28 -65 79 10 49 -11 -46 69 -72 24 -25 56 -58 25
59 22 -69 -48 28 11 80 19 51 91 -33 22 -22 -70 -67 -30 -94 89 8 21 -45 37 9 -20 -61 -41 98 -34 70 -14 -73 17 -89 17 -17 -30 74 4 61 6 10 58 -33 9 59 63 92 1 13 -64
-55 -83 8 -12 -100 -25 17 45 14 99 32 39 77 100 -37 8 -32 -58 25 38 -51 40 8 69 -56 26 -22 14 35 -26 -83 34 15 -9 -68 75 -74 -45 5 65 -13 55 64 82 -61 -35 -45 26 10 -28
28 -29 -19 -16 -78 92 -97 -48 9 -4 68 32 85 90 -48 -72 -48 63 -60 -41 -79 51 -93 100 57 -64 94 10 77 -1 91 77 -86 -4 77 -62 -93 60 -57 -58 86 46 -76 51 -82 -98 -91 -42 -11 52
-56 90 23 -33 61 47 75 52 -80 31 -50 -41 -27 76 -96 -20 -42 15 13 -29 -36 -27 -67 36 29 41 26 6 -5 80 24 -42 8 1 -70 20 47 6 94 15 86 29 58 35 -90 69 92 -75 -32 95
-73 -43 4 -47 -93 -35 -93 -18 57 76 -96 -89 -86 22 92 -80 26 -55 92 -1 -9 -13 -15 -84 76 -84 55 72 -98 -68 -45 85 44 67 -71 100 -67 98 -69 -77 -63 70 -17 -59 68 80 74 -37 87 35
-30 73 85 -4 87 19 -33 -80 -72 -14 -14 36 -99 -85 -6 76 -21 36 23 20 99 18 -3 49 -48 -99 45 54 -10 7 96 -96 39 -38 -47 -82 -93 -8 -46 15 33 -51 -33 -78 -20 -27 -54 -69 7 15
-48 -87 68 -69 -52 97 -10 -68 2 51 56 -98 21 25 56 12 71 -9 34 61 -20 51 -9 -56 -73 81 30 -97 -96 2 14 -28 -35 -27 55 82 -40 15 77 41 -88 11 -85 42 -16 28 44 49 100 87
22 -83 1 -25 88 71 -64 35 24 95 76 -32 35 -49 -5 -68 35 54 57 20 49 -71 29 -82 -8 -73 -70 45 -1 -37 12 27 -100 13 -53 -81 88 94 -78 -83 70 -49 28 -43 53 50 52 -65 3 -65
9 -2 88 -29 0 -84 -57 -71 -90 -20 35 -77 -45 3 30 18 -64 -41 28 -34 59 63 -50 96 28 -98 -28 95 19 23 54 13 10 24 -25 96 13 -95 -22 86 -95 28 80 -10 73 -67 -36 91 87 -87
-87 91 -66 6 76 22 -83 -48 59 8 -58 29 -11 8 -60 6 58 21 48 -81 79 56 0 -35 -59 -78 -66 50 83 -33 27 30 54 -80 38 99 46 -72 95 -80 -2 83 80 8 97 71 22 12 77 23
37 25 50 -4 93 40 -98 -24 82 -48 16 28 -45 -91 -51 -60 84 69 -86 -33 94 31 64 -47 -84 20 -72 -19 14 -32 -9 95 -32 -60 -35 49 65 -58 -7 58 37 -9 -49 -92 13 32 33 -36 -76 76
94 26 96 2 -47 98 90 -51 82 -67 -1 -23 44 -69 54 1 62 -87 -29 -29 97 -78 -93 61 44 15 22 42 69 85 -4 22 -81 22 47 -46 -47 -27 -70 -38 -84 26 30 29 79 75 -10 48 -18 -47
84 -26 22 -3 41 -32 73 35 -33 56 28 25 71 71 9 -73 83 79 -13 -34 -23 76 -82 8 49 66 53 72 91 -9 87 15 94 -66 -97 -7 94 -24 -19 -46 -20 35 -21 40 80 -77 82 55 -48 20
-60 -98 -80 -13 -47 -41 -73 57 87 -79 -72 8 -7 -13 43 -81 -77 26 46 10 87 -41 92 7 64 45 -12 8 -37 2 -40 -20 41 25 98 -81 -34 22 -60 21 33 26 55 -78 78 61 23 -43 -97 -61
66 -6 -17 49 -87 47 6 35 -13 -76 -27 -53 95 -26 -20 68 -17 -34 1 -85 -87 49 -41 100 -53 54 97 45 -14 -98 -15 25 -88 4 -21 -41 -17 -77 -79 -67 -2 -45 -13 -54 91 71 20 32 27 12
-21 13 -62 -23 -70 42 64 16 54 -70 79 32 -45 27 99 85 -31 -32 20 -19 -56 14 45 5 -76 63 49 -71 8 -41 24 -71 68 -63 85 71 -77 -42 -39 -33 -46 -46 -31 96 -32 -39 1 71 91 54
51 65 -100 76 -83 -45 -62 -95 -87 45 88 -18 -57 58 -52 -23 92 76 49 -41 -79 -15 21 -65 -80 42 21 -93 40 -15 -54 -98 -82 41 -72 54 46 -86 -44 54 -73 40 22 83 54 65 -45 57 -67 8
-25 64 -44 28 22 -78 -53 -83 -55 30 31 -66 37 50 70 71 -99 87 -51 -6 -51 21 -73 -74 -29 -1 -77 -95 11 56 90 48 -56 -52 6 77 -30 -73 51 6 34 -37 27 33 -84 52 25 -63 -12 -79
39 -67 -42 37 95 40 77 -50 -91 -20 -26 28 61 87 -19 44 45 -6 -9 -16 41 -69 -59 69 -71 77 -5 -68 16 -99 21 5 -23 -5 71 18 54 -37 -71 -17 10 7 -34 -57 -100 8 69 -78 -49 47
-32 35 48 -19 -29 -3 -75 87 -18 -72 27 47 -88 71 79 -60 -13 99 -54 1 66 -26 30 24 -65 -41 56 51 24 80 48 75 -4 -32 32 -27 83 18 29 -33 -69 -72 -16 -73 -86 -16 -31 36 -40 47
15 -58 97 -28 32 -18 1 -85 4 11 -32 -4 89 -94 -64 51 62 -25 46 82 89 -88 -7 -82 -33 -66 21 -21 98 77 -38 30 73 -46 16 -92 -43 -65 -44 76 9 40 -51 -87 -27 53 -48 17 54 -92
19 87 20 -34 45 -20 -62 48 3 -36 93 10 43 63 95 3 -94 35 -42 -47 15 -72 -29 22 -74 -48 21 -51 -10 67 33 -83 9 -80 9 -62 -4 51 -95 88 -36 -30 62 29 -69 -16 81 42 36 -42
-52 -10 9 -78 84 60 56 -54 -27 27 55 -93 -4 6 19 14 -9 45 -78 -27 85 54 96 -60 71 -41 18 62 65 -67 35 -62 2 -86 -54 62 -72 21 -24 -33 -41 48 -33 75 64 -12 -98 44 27 18
12 -90 43 -18 -16 59 28 83 35 -11 52 -58 -49 15 -49 -13 -53 -45 90 -74 73 12 -23 43 -54 39 -67 -20 58 50 16 -66 23 -18 -82 -29 13 -88 4 78 -85 65 -22 29 71 -34 14 -86 -85 25
77 -69 -59 43 -60 -44 25 72 36 -40 -16 63 -85 65 23 21 -99 8 25 -41 79 -7 -47 -32 29 -17 -44 42 -100 58 -19 50 -10 68 -28 95 -41 -28 -99 74 3 4 -27 100 55 -43 -59 -79 51 64
-1 -99 71 77 -14 36 -68 -9 52 80 47 -79 -58 -2 50 36 -93 -27 33 -12 9 52 -48 -66 34 18 78 -62 -23 9 22 -22 12 34 100 51 63 -49 -32 62 -25 -12 65 88 -74 -95 12 -80 -45 94
-36 47 -19 31 100 -70 41 -38 44 -17 65 28 75 -43 -91 -14 28 26 10 35 -73 69 -86 51 -63 -48 -73 -78 92 -1 -6 32 -45 1 6 68 -5 -52 -33 -4 -63 -82 -48 32 -99 95 -62 -88 -5 -15
14 -53 -72 -31 -26 99 62 96 37 -38 53 24 14 84 47 53 2 -4 80 -60 -29 40 11 26 95 28 -3 7 -81 7 29 89 -73 50 38 -14 -90 -32 100 16 -4 -38 25 94 4 -25 -99 55 99 -56
69 -95 69 -34 18 -100 8 -12 64 5 -56 19 -77 -48 99 -33 3 -44 82 -32 -38 -99 89 -97 96 -8 0 -98 38 78 -89 -60 0 -93 -5 -44 -14 -87 -22 -69 80 -100 100 -20 -15 70 99 -33 7 47
-68 30 -95 67 -42 -35 25 -93 -79 76 -11 48 -9 67 -15 62 20 -35 -56 -37 -13 -51 -3 -86 -71 -23 -68 34 16 -8 21 -46 60 -96 -22 -48 -92 20 -80 5 -66 28 -61 58 -77 -17 -6 17 8 31
-95 -19 -23 -45 -23 -93 61 -13 4 -57 74 -29 14 2 14 94 23 56 -64 9 -85 -51 41 -79 -30 -38 -72 87 25 -80 -93 -94 -7 -90 -70 55 -68 59 71 -58 71 -94 -15 74 -44 88 76 39 87 55
-3 33 -55 1 85 -91 -30 -94 98 11 -93 1 75 -56 26 48 -33 33 -47 28 39 72 45 38 72 38 78 -12 -91 -6 -58 -45 -9 38 37 70 1 -80 88 -81 -57 56 56 -52 -81 -42 -50 11 24 -34
83 69 -90 74 -58 -81 -43 89 95 45 12 -77 20 97 85 56 20 -14 81 31 96 32 7 97 35 45 -68 -58 -32 -86 -93 -89 -59 51 41 57 -51 44 -86 51 -31 43 3 94 -89 -41 -26 -27 94 -96
-55 -42 19 65 -62 -29 -66 -98 -84 -44 1 27 -13 30 61 -76 59 -59 -98 -76 -92 33 12 -67 42 47 39 -81 85 47 -55 -11 67 -48 -98 -52 -32 90 91 46 72 30 -77 39 -48 75 -78 -68 -9 56
-2 64 24 -96 -18 -54 48 68 -3 64 -68 -98 35 -45 47 -47 -61 -73 -50 2 7 19 52 -61 34 44 -16 100 54 93 -98 77 -30 -3 11 81 80 -48 -1 -61 -97 -82 -50 -32 -43 -65 -21 54 10 -78
5 89 -11 -92 48 47 77 19 -27 2 41 -68 -50 11 26 -51 2 -81 -30 77 3 -45 54 31 86 -58 97 -10 -58 -44 74 64 -97 7 -65 -3 50 47 -44 -76 -28 3 -94 -13 74 -21 -56 46 91 72
