76 -93 4 67 14 -54 -40 -61 15 -92 37 20 35 10 77 8 -40 -77 32 26 66 32 -69 -73 -94 -92 -9 -68 65 -52 -6 -71 -90 -1 -60 -4 97 44 -78 28 76 15 -31 77 -48 66 39 -94 -31 70 40 9 2 -63 23 12 16 22 -19 50
22 65 23 -90 -44 21 8 28 -93 -79 -95 -34 -51 -26 53 -15 -82 40 65 -31 76 10 94 3 35 -88 19 -38 -35 -17 -81 40 9 -2 -12 -57 30 -92 -18 -13 81 -6 57 47 -13 25 6 74 -78 26 28 -38 -98 23 -12 -79 -82 11 87 -22
62 -18 -34 -72 94 -82 -14 -67 26 76 -28 -2 57 36 -82 61 -20 96 52 -27 -38 -54 -27 23 77 4 -98 26 -77 -44 -36 26 46 13 8 -54 80 43 77 25 -42 95 54 -59 91 -86 57 92 27 24 -72 46 -78 35 45 -76 -11 35 45 -84
-67 37 92 89 -39 11 16 97 46 37 -43 -34 7 83 58 10 56 -45 -50 -59 -94 -69 -78 48 17 -74 -61 -41 26 10 12 49 -29 66 -33 -27 95 -1 -21 69 20 83 -87 70 23 56 29 15 -45 -58 27 100 -59 -26 55 -37 -81 -28 0 72
88 -53 -51 82 -88 -45 -50 -85 -22 78 72 -25 45 -34 -85 -55 52 -56 83 97 -60 -18 -37 -89 -43 -55 -68 -54 6 -23 72 -84 77 63 -82 66 37 94 -64 -94 63 29 -85 -68 16 -10 75 -87 -76 94 44 -56 61 -71 -54 32 -100 82 98 41
54 70 71 65 69 -57 0 18 21 41 9 2 -24 -91 -12 14 6 -95 48 56 -56 -49 -89 -49 -46 -93 -5 -65 -35 45 -65 -83 58 -48 61 -33 -89 -42 40 59 1 91 -59 19 30 -70 -83 4 0 66 -44 44 63 -41 59 51 7 63 66 -75
-67 -28 -35 35 85 76 -12 -42 -98 -69 -61 -95 -47 -19 10 69 80 50 -36 67 -66 12 -80 46 16 61 -40 98 0 67 97 -35 20 50 48 -69 72 -91 55 -60 28 -56 -22 87 12 57 -41 -27 -96 38 -47 90 -55 23 -78 -57 -61 -44 -44 -69
-80 -40 92 -15 4 50 14 -32 -57 -91 78 -44 -97 -75 -43 4 69 48 7 -98 18 8 -32 35 -37 -5 77 3 -70 78 -73 13 88 -36 0 94 17 64 73 -83 -1 3 30 68 -40 73 67 -30 80 -68 -31 -49 46 43 31 -50 66 61 84 -65
-97 52 56 -63 56 -42 -13 30 46 -48 -78 87 -26 28 -19 19 -41 18 -8 98 10 24 -6 -37 -6 -40 -38 -17 50 -73 84 29 69 -29 57 77 44 -74 -56 11 22 -87 -29 41 -48 46 -2 94 53 -58 -50 10 44 74 -42 -29 -82 91 54 -82
-20 -21 -74 -82 -47 -27 73 58 11 55 -98 11 34 0 -24 -23 45 -9 52 79 -99 37 -55 -13 -6 -27 -44 39 76 63 -40 34 -66 82 -4 9 49 42 50 79 -55 37 65 11 -67 91 -9 -1 39 13 -50 98 -9 -19 8 28 34 -52 -28 63
15 100 29 43 -62 28 14 -60 28 -39 53 37 37 -29 39 98 44 85 -61 72 -64 -36 -98 41 40 0 -14 -71 50 -74 22 44 63 -92 -14 30 -51 98 78 -61 95 2 -77 88 55 26 100 38 75 -68 48 -45 44 91 -18 67 61 86 -4 -54
28 -1 16 -44 38 49 -6 49 -66 27 -99 28 -29 9 15 54 3 79 -21 25 25 -15 45 97 -14 87 55 -4 -43 24 79 84 34 -65 -63 50 -3 11 12 -85 -90 -34 -38 50 55 -80 -16 -50 -25 75 15 96 1 28 -85 -8 58 72 45 -46
-30 90 -68 91 -3 67 66 85 43 -24 92 -55 -54 62 84 -15 42 31 69 -100 -65 2 -85 2 -9 5 13 -50 56 -1 -84 -5 63 81 -91 88 97 9 34 49 -10 -6 -6 -9 59 17 -95 42 -49 44 -17 -60 68 63 -87 -47 -87 48 -28 -77
82 -2 29 -66 -43 47 -76 31 26 64 -72 35 -93 78 -39 -21 27 -19 -91 98 50 59 72 32 85 43 31 -52 -3 7 36 26 34 -24 -44 -98 -72 49 -53 -37 -70 85 -84 -98 -89 73 -28 -77 -46 9 21 -76 23 71 -13 -85 28 -20 33 24
-54 -37 83 55 13 -50 -88 -57 -61 81 -91 80 24 47 76 74 54 -61 77 17 59 97 -63 -50 -99 -36 -15 13 95 -57 30 -91 -71 82 -97 -28 -28 57 -55 -95 -4 55 -94 -20 28 -97 67 -24 62 -93 19 -13 87 -61 -59 -49 -94 -32 53 6
65 91 75 -98 88 5 100 98 29 -11 13 -14 70 -89 -3 20 40 -52 55 -10 -26 -74 2 -15 -25 24 91 67 21 56 -44 -7 57 -45 -97 -88 -24 -76 31 78 -22 31 -75 69 29 100 -56 66 59 16 -8 -13 0 -19 -44 -54 -52 40 -35 50
-29 42 16 -33 -9 43 -100 -100 -47 -28 47 66 14 -3 28 -46 53 -54 91 -49 -63 -5 -61 12 6 62 83 -94 -18 -94 95 21 70 74 -90 86 58 88 -95 -3 -78 -49 -44 65 -40 -56 12 32 75 -37 79 54 15 10 35 -60 47 -49 -31 -76
17 62 -23 15 75 -64 -21 -73 66 85 -84 81 64 13 -62 -32 -46 30 49 53 -68 -8 -89 -7 -87 -52 58 -95 57 -63 -72 48 -48 65 -14 -98 -1 -22 -45 17 97 -7 3 59 44 57 71 3 10 -76 56 18 51 76 37 -80 -55 11 77 35
41 22 -24 -86 14 -39 77 75 -13 2 -45 91 -48 0 -28 -92 95 28 16 -72 -51 70 61 -94 -49 -47 87 74 2 -82 -39 -17 31 -72 -90 35 -14 11 -90 -69 -18 -63 -13 49 30 99 -58 -89 56 23 65 -7 76 99 9 60 94 -43 82 71
26 -32 51 -31 -19 10 -67 71 29 -40 -39 -100 52 -53 -7 25 25 -90 12 86 36 3 -77 -41 37 75 4 -79 60 91 64 -96 -92 51 84 74 -41 80 97 -5 79 -93 4 94 60 2 83 11 -72 7 -47 33 -23 -73 96 33 32 40 -24 20
-11 -81 -50 10 -79 -78 -68 74 -49 65 27 -80 -87 30 38 -94 -96 -78 -80 99 -77 94 -6 97 -62 -28 87 -7 -31 58 46 97 -58 70 63 60 59 -22 49 -75 -42 -41 73 -70 90 3 -62 -14 -20 69 43 96 -80 -96 40 -25 -1 44 58 -19
6 27 -4 -94 -23 -74 -33 42 52 -57 -74 -51 -39 -12 -61 -21 58 61 27 64 -97 59 -96 8 50 -55 -30 11 -55 95 -13 -44 72 -34 63 -89 -26 -10 40 -95 -54 77 -1 49 90 22 38 19 -87 76 40 97 74 71 44 -86 -60 16 -94 13
76 3 34 67 90 46 90 14 38 -36 -78 44 34 56 -37 -94 82 27 75 67 69 -54 -18 -42 73 62 -20 63 -95 -33 76 -98 -12 94 63 6 -54 83 7 94 83 40 -31 14 61 -81 13 72 51 85 -49 -30 54 54 100 -6 39 32 -57 7
-6 -23 95 -85 -100 -76 -30 -73 81 97 48 23 -98 -71 32 -88 28 -30 4 -65 59 -35 89 -1 -99 -85 -51 -70 -50 54 62 -96 -84 81 42 37 -16 -31 42 -51 53 -92 95 -22 18 19 40 -30 -18 -13 2 -23 95 56 98 -62 77 93 -28 -9
-25 -70 -74 -45 -54 82 32 -76 78 -77 -49 76 -32 -41 -74 26 61 65 4 74 68 91 5 29 77 -2 43 -11 69 50 -25 -86 -97 -64 -1 -1 -87 -47 68 -97 -76 -100 89 9 35 -79 -19 46 83 20 85 69 73 41 -8 96 -20 22 54 78
-5 92 57 -71 8 46 -89 26 -100 -39 -89 76 9 53 -5 38 -54 -13 23 15 -55 -18 52 64 -15 75 56 -19 65 65 17 -10 -85 -29 -80 -70 98 -35 -41 54 -88 -94 -26 -22 -56 -33 21 -91 98 -92 -77 100 -40 -44 -98 33 81 36 -28 77
-82 -13 12 33 -59 55 -73 -43 99 -77 -7 -10 15 -50 25 -48 -87 -20 -100 -82 -38 23 92 -70 -17 37 -95 -7 16 67 28 14 85 -41 28 79 -1 -7 -42 90 50 -61 67 21 -5 -43 14 -5 75 82 -67 -79 -70 -28 -22 70 93 1 -68 -3
86 -77 58 35 -6 -100 73 10 20 94 2 -49 -31 -80 -11 61 16 56 27 4 -83 -33 -6 100 64 -9 -76 -88 -42 12 6 35 42 99 -62 51 12 -16 41 -87 -71 64 -83 79 38 81 -54 6 5 91 17 77 40 96 -51 -41 -42 -88 -80 16
82 -43 -34 -74 58 96 -75 -34 -21 -78 -57 92 -78 1 48 50 20 -44 -97 8 35 37 -2 17 -14 -75 -21 -8 -15 -44 8 -27 88 -98 -72 -100 56 -59 -61 -87 4 -50 -22 59 46 -44 84 44 56 -16 38 28 -98 21 -70 6 -71 57 52 53
-61 86 -89 -66 53 -74 44 77 35 55 79 -66 -84 65 14 2 -100 -38 14 -74 86 -24 -71 76 33 -88 68 18 85 86 -52 15 62 -52 -85 4 -56 -26 -6 0 -72 -76 26 -11 31 97 -44 -15 90 -14 -92 41 38 0 52 -46 -7 -11 -15 -20
-34 -40 -6 -51 -89 -81 64 -58 -11 -85 74 -68 -45 -81 95 -52 -14 -31 -61 89 -89 -3 0 23 -34 -74 -9 -72 85 -46 -35 -83 -67 -32 66 78 -60 43 -99 -65 -48 94 26 17 89 93 42 -20 -46 4 28 64 -39 -62 -19 84 19 -13 -53 41
28 -12 67 61 44 16 -99 26 -51 65 -42 67 -98 -58 -91 93 -65 -53 88 -65 18 -73 11 38 17 -26 -80 2 -89 -28 39 39 16 17 -41 88 10 -87 71 73 83 55 20 -40 40 64 100 -41 97 83 20 78 -29 23 31 -9 -2 8 -22 -63
-11 83 -80 -25 -63 20 39 -69 -27 -91 -89 35 -65 -75 -68 -15 -95 64 81 36 3 78 -19 -57 48 11 -76 -95 -49 -16 -27 -31 5 1 -59 -37 48 -44 82 -96 -45 -57 57 38 100 -34 0 -69 -87 -34 -58 40 -15 20 37 54 72 49 66 -45
-2 68 31 -80 21 60 44 -93 -45 -92 -95 -64 11 -33 -8 2 -94 30 -94 75 92 63 -33 -8 73 88 -100 90 87 -14 79 50 13 -3 -34 -41 5 63 28 -65 -97 -87 -80 -15 65 21 99 -95 -64 31 -67 19 32 90 8 54 -11 -60 90 100
41 -31 -82 -14 84 79 70 13 -76 -47 -20 84 86 30 -70 -29 88 -98 -63 -12 -98 -81 9 -91 -67 -55 39 -53 -96 14 97 45 -84 70 38 -21 -82 -26 -84 93 -55 -35 46 0 16 -14 30 -6 -10 78 31 -6 79 57 28 -29 -11 -80 5 -73
35 -81 57 -44 23 -89 -1 -45 -40 -74 -96 -52 59 -7 89 5 27 -36 96 -23 -63 -82 64 69 -66 -53 -51 -96 -8 13 -49 71 11 12 -27 -24 -99 60 -19 -11 -30 7 61 31 -29 -14 54 -56 76 28 100 55 9 -10 99 -4 -78 -52 -25 -11
60 21 -27 -37 -59 86 -20 7 25 -1 -6 26 7 -19 9 29 -11 -6 -50 94 84 -38 -22 -100 4 -87 54 -72 52 -11 73 -98 -56 45 -60 -47 40 -71 -38 -91 33 -74 96 66 -68 -69 25 70 -18 -77 15 -93 79 -65 5 30 -21 86 91 -76
-31 13 67 60 98 -32 -57 -22 11 -35 -39 92 -67 -19 -77 -60 57 89 99 45 83 5 -76 -20 53 97 9 54 62 100 -13 91 -97 89 95 -47 -4 35 -41 50 -68 -22 -82 3 -9 -47 99 30 -80 20 -80 92 -88 82 -80 -55 92 -64 -84 41
68 17 -87 -29 56 31 -35 -84 26 11 95 -74 56 -40 68 -31 77 -96 46 -32 -45 -63 -26 -29 -27 -64 80 53 86 -5 96 -73 71 59 86 -85 37 -35 -49 -46 -38 -45 -61 0 -84 -29 -50 40 41 -46 6 38 -94 -50 64 16 -44 -11 80 -53
-50 -34 68 20 -42 97 -15 -33 28 -98 -18 -18 20 24 -34 36 4 51 -21 -57 61 92 60 42 -55 -24 30 44 -35 -32 -65 -20 -58 -27 -5 -42 2 -61 8 56 16 -46 -60 60 4 -11 -75 -80 -33 -57 -62 88 -6 -79 -73 -23 100 26 -1 -31
23 13 45 -63 -93 79 37 57 95 54 38 -40 42 -85 -18 -60 43 -74 -24 53 87 64 51 -15 -52 43 -29 -54 -62 -78 64 53 -77 -21 -66 -60 -68 33 7 100 10 57 68 -48 28 -46 35 -97 -11 -100 -35 -96 41 -4 -98 -67 38 -94 38 -77
-17 87 26 -6 61 -31 66 4 -46 98 93 33 -42 6 66 85 65 -15 25 -39 58 -29 70 -54 -94 -38 8 52 -23 68 -37 80 77 -70 -13 -8 59 74 -56 -98 62 -8 98 66 25 -6 -49 -8 -94 -95 -80 -27 92 -18 5 42 51 -69 94 26
49 -88 86 32 -90 87 -1 -97 -80 -90 27 -46 72 44 -32 -50 41 -53 60 -60 48 99 -17 -100 -65 75 -70 56 -37 82 74 -12 -100 -79 -44 -26 96 -3 73 58 -47 78 -54 61 100 98 45 38 -17 46 59 -100 31 -14 50 82 10 68 61 37
5 86 38 -21 -95 17 -72 92 41 98 -79 42 -12 100 60 15 -93 37 -79 77 57 86 2 -7 9 -88 -28 -23 -69 46 42 -3 -39 1 -51 -26 40 25 82 37 -24 -38 -34 43 -20 67 -46 59 -79 -89 -62 -33 -43 60 -24 12 -13 -15 95 59
-85 53 -87 61 82 -57 -23 12 26 94 80 47 80 59 -88 -53 60 -24 86 -13 5 92 -47 -25 -68 -38 -68 29 53 61 0 30 15 17 -95 17 -66 99 10 -54 48 68 -63 -92 -97 4 69 49 -98 -84 51 23 -84 37 8 -66 46 77 -4 -4
-14 -69 94 74 -14 -31 49 3 49 -58 -66 -73 -55 -26 71 -42 83 -56 35 -52 56 97 -4 92 -84 78 -54 -76 99 -47 -6 -61 -8 -78 -10 38 87 -54 1 26 -95 85 72 1 -48 -52 -74 40 8 12 8 35 -88 45 -63 55 -14 98 -15 24
18 -41 -45 6 45 -44 -27 -26 60 -88 92 55 43 -56 26 -72 -85 -60 87 -76 34 -83 59 -49 -67 -30 -40 -61 -96 -31 -44 -81 -85 66 73 71 33 -93 89 96 -60 -76 -87 -82 -30 92 -42 -84 -100 1 -94 86 -79 -6 43 -39 -22 -11 -43 20
88 -75 92 19 -5 -35 -92 32 39 42 52 21 -36 -46 72 -87 -42 -96 -74 13 -98 -88 78 23 -86 -45 30 -87 83 15 42 -68 -66 -76 -88 2 -55 92 -60 -77 87 72 -30 1 -74 61 -14 -9 26 78 34 -80 13 60 -44 -35 60 -80 -23 18
-25 85 -74 5 -68 96 77 91 48 51 54 5 -11 -21 93 10 -49 -69 -80 -92 74 -29 74 -9 -27 74 10 -99 -38 -82 55 -8 9 -3 42 37 -19 51 -3 -67 -6 60 69 1 20 72 -6 -74 -90 -13 66 -41 -77 -94 1 39 52 -71 18 84
8 56 90 100 -28 -81 49 -80 -15 47 73 -96 -3 6 72 27 36 87 9 -2 -47 8 -53 29 -93 -15 -98 7 97 -69 -37 67 23 43 46 87 70 -84 70 29 -10 27 -45 -53 65 61 -100 -44 22 54 -23 -23 11 -74 4 -86 -70 -67 -28 -59
-13 -95 -39 -89 16 -86 -17 -65 26 56 36 -74 -7 -9 -29 -16 -85 11 -35 51 -1 64 49 8 79 -26 28 69 -83 -56 44 -32 -23 -73 40 -21 -40 44 71 15 49 -37 -82 52 -52 -17 -35 -47 -85 84 -83 -69 97 -37 -43 -15 90 -96 -24 85
88 -10 7 -88 65 -1 -9 -44 43 2 -6 -87 -45 -59 -70 65 -53 -38 99 -40 66 89 -88 -9 -1 100 -85 88 27 4 -31 -68 97 58 -11 -54 -37 76 19 35 -83 -23 -61 73 -60 22 81 57 -86 -21 -21 27 -83 26 -97 -1 27 95 -47 -41
19 15 56 80 35 -22 44 85 -34 23 10 -7 0 -2 38 99 -30 -27 -50 6 -31 59 51 -95 -86 -32 97 0 -34 -69 89 84 -23 90 -30 67 32 0 88 -58 2 15 73 55 30 -91 23 -7 67 -42 2 98 89 -38 -12 -42 92 -12 -56 -62
-94 10 -99 74 -58 87 -6 -77 -7 95 -26 32 -45 -48 41 6 92 -29 22 -5 -17 83 57 -42 3 97 -78 11 0 -41 96 64 94 -64 31 88 16 16 14 46 -71 -91 -23 47 -84 47 -77 -51 -99 94 94 -16 47 93 48 -14 86 45 -28 -5
-55 85 -24 -77 37 57 42 -80 -66 -93 46 25 -53 12 73 15 -22 -24 -50 -13 -50 40 -22 37 40 -46 -12 -65 33 28 37 100 44 -39 96 -31 -83 -10 -70 -75 19 67 46 38 -88 79 -49 -21 27 -7 7 31 -90 -87 62 47 66 -21 70 62
38 -51 -52 20 52 -90 8 42 -58 -84 50 -58 -98 -12 -30 91 -27 3 57 21 -78 -89 44 -80 -46 10 0 -78 -3 -73 -73 -55 -13 69 58 92 14 35 78 7 69 -44 63 14 -53 6 55 -18 -90 -30 69 56 3 28 -58 -17 88 76 -66 4
-12 23 14 31 -71 -28 -43 43 -65 67 70 53 -21 -15 -29 -10 -56 -70 33 74 46 68 -45 -97 -44 -65 17 -76 95 -29 73 88 -30 -35 32 -61 12 47 -97 67 -29 8 -92 -40 38 85 -89 -41 -35 78 -6 60 49 -97 -60 27 80 64 62 -60
48 -57 -14 -21 -99 -26 52 -37 94 -7 -78 87 -30 84 23 -3 91 -1 -11 -36 97 -11 52 38 53 -4 -40 -39 -100 71 34 38 -10 94 -29 -23 30 38 43 39 -70 10 91 66 16 -19 -18 -80 -3 -38 34 -90 0 70 -14 -81 100 85 -82 25
-91 98 71 40 46 36 0 18 -82 -85 -57 -66 21 38 51 39 -44 -39 -97 53 47 -17 -56 38 -100 -96 29 82 -6 -49 33 -67 28 -59 -92 -86 56 24 -79 -89 15 -77 -45 -98 6 -31 -27 -8 19 -38 36 26 -87 91 -77 23 -15 62 48 -89
7 -88 95 -95 -83 -77 -53 -2 -5 8 85 24 91 93 -2 -27 8 33 11 42 87 23 2 -96 60 23 -9 -77 -55 60 7 -70 -14 -96 2 15 64 55 -50 13 -21 4 32 47 -1 -94 25 83 -81 -97 63 72 7 36 75 9 -100 47 99 22
