14 -17 -36 19 71 88 83 27 81 -55 67 -96 -77 -45 -97 -31 76 -5 -26 12 -94 -84 67 100 40 -90 66 -41 58 19 -59 -65 -42 63 -79 28 99 -82 13 -35 -8 -88 26 9 -63 11 57 75 -13 -63 25 46 51 -47 -32 -32 81 44 -72 73 51 -75 -70 68 91 -61 0 -92 -89 18
-45 53 -14 -36 12 -71 8 71 70 -44 -74 -96 53 -86 81 8 -62 -71 -31 -67 18 -100 -41 -87 13 -1 -90 -56 -59 82 -89 -48 8 42 -33 27 49 74 -71 -10 -100 -47 -79 43 7 18 -98 31 66 -15 -34 12 45 12 30 -79 -57 -36 -10 45 -73 36 19 -79 22 100 -16 -92 -76 6
-9 -58 -50 80 22 -71 40 71 49 -5 -45 18 -57 -18 -63 95 -66 59 73 80 88 18 -98 82 -48 82 55 -7 -86 8 92 35 95 73 -64 -56 79 18 -71 6 75 69 -94 5 7 89 92 -76 -92 -55 -21 80 27 -84 52 50 -80 -77 9 76 33 39 -5 -58 -3 99 -41 66 61 -72
52 45 12 -10 -6 0 33 -43 -49 -24 -35 -16 -69 -48 -51 -41 49 -35 -29 -64 39 88 31 -18 -67 75 25 59 86 89 14 61 63 -95 -49 25 -92 87 -11 -25 80 7 -78 -72 19 58 -14 58 -77 -49 16 30 -11 93 8 0 81 -51 -57 -33 7 29 10 -78 16 20 -99 38 8 -76
-94 35 -91 -44 46 -35 80 77 -93 -87 -25 47 -28 5 27 -51 -95 8 96 69 35 -2 -4 65 12 -1 -88 93 94 96 100 89 93 81 -43 -59 -72 52 43 37 -33 11 51 -15 -55 -50 -32 62 -2 47 1 -29 65 -96 41 -57 21 48 88 -7 20 -80 14 -20 29 -50 79 21 -43 7
19 -76 -27 44 70 -32 70 -71 -84 28 38 -88 78 -78 -63 -47 -15 -59 -5 7 -62 -26 -80 -97 48 -82 72 -19 -45 99 -67 -87 -61 38 53 35 -28 -1 -22 37 -9 -91 -61 -48 6 -45 -58 18 -36 45 15 61 -50 89 -50 -51 -7 100 1 60 51 4 -38 -87 43 62 18 11 47 9
2 22 61 15 5 -42 -64 -28 -44 -65 -33 -73 -76 -11 48 65 -17 -67 -62 51 34 -65 34 -56 14 -21 18 -86 82 -10 59 -58 84 56 20 22 -70 -77 24 -59 -11 26 -59 31 37 -3 22 -18 56 37 40 -1 -25 -5 -52 -85 -6 29 -59 -53 -81 19 56 0 36 -37 41 67 -51 -54
-82 -70 -21 -63 57 3 -56 -18 -71 -8 42 -81 9 -50 81 61 -80 57 63 1 -68 -63 32 -54 -41 -30 44 -10 -9 -100 93 -40 -7 59 21 79 -71 -45 -8 -84 -88 41 -35 55 64 -97 -96 -84 -83 -10 -72 28 8 99 34 85 27 81 -99 -1 -80 -31 -68 -25 -29 -29 -81 67 -86 -94
-4 31 -10 26 -35 7 -47 0 -38 8 97 7 86 16 16 53 -3 -92 -74 3 -94 -15 37 -36 28 -37 71 -94 -11 -54 -2 45 72 -44 19 -65 -49 -40 47 46 -82 -94 88 -62 -25 86 -47 -93 96 -21 -60 -5 -27 -89 -30 -66 -59 -23 22 36 -95 39 -22 -57 58 -49 63 -49 -87 -62
-74 61 -65 14 -98 66 -30 -19 49 -25 99 33 -81 -1 -28 -100 57 -77 -34 -4 -85 33 84 88 -84 -73 -24 10 64 84 22 -74 85 -33 39 83 5 -51 -87 -41 -37 57 -76 60 76 -63 -47 93 11 33 42 32 41 3 -25 97 58 0 38 78 -58 -50 -56 -97 -96 -84 55 85 -96 -89
88 92 -55 -54 -23 26 2 37 38 -78 48 71 61 10 -41 -5 -48 47 -88 34 63 39 -82 57 -72 43 52 -38 -94 43 -99 4 -19 95 -69 27 -94 -12 -13 87 71 -26 -24 0 -25 -68 36 -38 18 -46 -34 -65 27 64 -77 -41 95 -95 76 -15 35 -22 -80 54 71 -33 73 -52 19 -38
76 57 -13 -25 -16 51 81 12 87 -58 -93 27 -87 -11 69 94 29 -13 -59 32 -64 96 -21 -56 -22 87 -33 -56 -61 73 79 1 21 -60 26 14 11 56 64 -42 30 -5 -14 1 33 96 -61 57 77 -60 -6 -16 20 -73 -55 97 -58 47 19 -41 59 23 -57 -99 64 21 53 49 39 -18
-46 66 72 -63 -96 25 -86 -64 87 -59 89 78 -87 -4 95 71 -10 -78 40 33 -79 -68 -90 38 61 -56 -2 -17 -45 -82 -92 -75 72 27 23 -60 -84 -88 -4 -51 -38 2 -86 99 -34 -92 61 63 18 -78 42 -9 91 -14 16 76 43 17 -77 -71 99 -60 -77 -52 -54 91 -59 36 -10 12
67 -4 89 -86 -78 40 57 67 -12 88 -82 8 -83 -2 66 99 -4 -80 -5 -61 84 -64 65 -75 -81 -93 8 -2 -69 58 -75 -19 76 -71 30 -86 67 54 -39 -82 85 -53 1 44 57 -58 -15 9 -2 90 -35 -82 32 82 11 -31 -19 -39 47 -86 80 -90 -95 54 -19 -91 33 67 -17 -86
-6 95 85 90 26 5 33 -70 77 59 -84 41 -40 -72 -100 -33 -52 9 17 -70 68 -17 78 -43 55 -66 -9 -37 64 58 -77 -45 72 92 64 -40 95 -13 83 -21 -1 51 80 -34 -88 -48 0 74 78 -74 79 -22 -51 -68 -29 83 -65 56 -4 74 75 -50 26 21 71 75 -86 33 69 -63
-15 69 27 -1 96 -96 -80 -8 24 79 -7 -81 31 -10 -65 43 -27 -5 -88 -71 -8 -45 -32 8 74 -26 97 94 30 57 0 -25 61 -85 3 -68 -70 72 -24 -41 77 58 41 -90 73 80 -75 18 -3 -4 7 18 31 -14 -46 26 -42 87 30 -65 27 -52 31 94 8 18 -42 -82 40 47
10 75 -57 29 51 -22 -34 40 28 -38 75 -21 86 -50 65 -95 -92 -97 57 -7 96 84 -52 70 20 -21 -17 75 -50 46 -59 -18 79 21 -32 -68 48 -4 -47 94 -78 29 -90 -60 67 -81 -59 -5 64 -27 -90 5 -72 -67 -100 -52 19 -76 -47 77 47 -1 -57 83 -97 -97 -97 64 -72 84
42 -59 40 20 -94 61 -73 -38 -24 24 66 -72 98 67 -44 42 22 -59 -38 -41 -19 -7 42 15 61 67 -29 -62 -86 94 -22 -49 -31 -61 -43 75 -68 -70 -80 78 -46 -65 57 0 -39 -94 77 -91 -59 -22 -84 33 94 9 -33 16 53 -29 -95 -53 61 57 18 3 28 -90 71 -45 61 44
-47 86 -2 -60 -76 -18 -42 -72 34 79 85 5 -42 -62 -78 0 -1 -56 -25 36 97 -63 -92 59 -54 35 -63 -28 45 -2 11 28 97 -99 61 -47 30 -93 88 75 50 -86 3 -83 51 -80 11 90 35 -79 -19 -50 -11 -90 -64 74 -21 84 85 -36 -99 42 8 59 94 -84 -89 23 -36 -65
81 -8 -98 38 -100 -40 -9 -57 -33 -32 57 -27 29 37 -34 -2 76 -25 12 -68 -51 58 -24 -88 -22 -58 37 21 -10 93 -66 87 36 -34 5 6 19 96 51 32 51 -34 -2 90 -72 -21 94 54 -76 -32 71 35 -25 -51 -66 2 -43 34 -92 -34 74 76 90 -57 0 -79 -12 33 76 35
93 -53 10 -41 -60 -57 67 -15 22 7 79 -56 -21 97 22 -46 79 -6 -91 60 -47 -43 88 91 22 84 -9 84 -15 -61 58 100 -72 -59 -75 19 -85 -73 -50 -31 -47 19 28 9 49 11 -100 15 50 -5 27 -64 36 93 63 22 -84 89 -88 -73 49 63 -24 -37 8 -47 95 13 26 46
-30 96 -37 -37 21 48 100 26 7 48 -72 -10 45 47 44 -15 -30 12 26 -28 -72 -25 -16 40 -5 49 -1 63 50 -59 8 64 64 60 -89 -90 13 -18 48 -84 81 -53 50 -89 -90 48 -10 24 -74 -41 85 45 19 -26 83 97 69 73 -83 26 -59 -18 85 -75 -36 -85 -97 -78 84 99
-30 -40 -3 89 84 49 85 79 -54 -82 -29 97 74 -24 -48 84 61 23 -74 -15 52 -3 31 79 -19 -86 -52 65 -8 82 -85 -3 11 85 65 8 57 92 -87 -51 44 -4 0 -98 4 -92 -78 -33 -11 82 26 -64 -90 -62 31 65 72 -88 -34 12 79 65 -74 28 -46 -53 -39 -89 -76 48
-66 -79 -89 53 -36 -73 -34 78 -90 -85 -89 -25 -81 -56 11 -98 64 -26 54 -29 84 -86 -16 -42 -26 -74 45 -67 -10 95 -18 74 58 -77 36 -23 -35 -7 -28 50 37 -100 -50 12 74 13 72 -8 -1 -1 -48 25 52 -58 85 71 -56 20 -66 33 97 -94 77 99 -50 61 20 -40 -13 -46
-26 -77 45 13 -75 78 9 66 49 -30 16 -84 -54 -85 79 -5 -75 44 60 41 43 -43 50 -86 11 79 60 38 -28 73 -36 89 57 -11 34 -66 -39 68 12 -64 96 11 -41 43 27 36 32 83 26 65 -7 43 -96 46 -13 69 -87 -91 -75 -12 -76 -34 1 -15 -50 10 93 73 -40 68
76 -70 64 1 -60 53 17 78 -14 9 94 -9 63 3 65 -44 17 67 79 95 20 -18 -86 -62 65 -2 -67 10 41 -38 54 100 -79 88 -44 -76 -60 92 -31 -54 -20 -99 6 38 54 10 -36 4 68 5 -46 89 -37 -86 -69 76 67 -28 -45 -22 92 72 -96 95 -88 -38 -57 90 17 -89
-96 2 -52 -86 56 12 48 -71 -89 -60 35 76 85 -41 -58 37 -59 -100 22 -71 83 -68 53 -56 -38 96 -87 -14 -46 -91 27 -80 74 47 66 69 31 -24 -18 -95 69 -49 22 94 -50 53 -73 62 64 -64 2 43 20 23 95 -63 -33 23 49 92 24 27 -61 29 -89 -41 33 -55 -96 -58
95 75 -40 -70 -10 84 65 -67 -42 -79 87 46 36 -17 98 -52 -85 -72 -40 -55 -41 64 -49 1 11 23 -26 -57 22 -51 -15 -17 11 34 4 -85 72 -70 -71 -78 37 7 -89 60 18 -33 -18 53 8 75 -100 -56 23 3 -26 -45 43 -14 -88 -98 90 34 23 -22 79 5 -64 -91 23 -30
82 81 27 -53 -11 31 94 24 -23 -55 -36 -39 64 -23 0 -100 -9 -5 -52 48 78 -51 10 33 94 26 -56 34 -69 -52 -97 -17 -44 -65 -65 -83 -65 83 -28 60 46 99 -53 43 91 94 -50 87 -19 -95 98 -84 16 61 -45 -55 -83 -31 -48 -28 82 -8 52 -17 38 -47 -64 33 53 -31
-45 -36 -72 -41 34 7 -99 -96 -38 -75 -8 44 70 -67 47 -76 -40 39 55 70 82 -37 40 -70 58 24 -65 -80 -3 -57 63 26 -83 -78 -74 0 -54 43 59 50 3 68 65 -21 64 -69 83 -48 19 -90 23 11 52 79 -22 27 44 79 4 -26 94 56 55 -55 -85 24 -32 58 89 11
-26 88 79 -4 96 -81 -35 -79 94 -46 -81 61 -80 2 41 -41 74 -9 37 -73 -85 -90 82 -26 100 -2 -11 -89 85 24 66 -90 -56 -22 98 -6 8 65 3 -11 -69 9 29 82 -93 -57 84 -67 -69 11 50 -12 -36 85 -19 86 71 -45 59 49 -51 90 25 -63 -57 6 36 -3 50 9
53 24 -81 65 29 11 -81 89 -61 -87 47 41 59 -3 -70 -87 -38 -46 26 -67 -43 -20 28 -2 -56 16 -23 52 80 -63 -29 34 62 -92 21 89 38 58 -99 41 40 17 71 13 92 48 2 -44 25 -44 1 20 -75 72 -33 5 21 -21 -42 -60 84 -32 34 50 -52 -55 -49 49 -71 1
41 76 57 -97 -35 -68 -96 -82 8 85 52 18 -81 63 -77 50 -94 88 -92 65 -38 -9 -27 -45 -39 20 71 22 -23 20 43 -20 -99 -45 -36 -44 -4 37 48 -93 65 -4 3 -82 3 32 45 -2 86 9 11 17 -20 -64 55 -6 15 -3 -26 -76 44 -13 -63 53 52 -10 14 8 52 62
-92 -39 61 -53 94 -59 -54 96 -35 -9 93 -51 86 -34 -96 -55 -49 89 55 91 -66 24 -19 -40 -82 57 67 -58 100 12 18 -11 80 -22 45 -36 -12 -57 78 -73 -70 38 75 72 54 5 -5 -68 -63 -85 93 45 58 -37 -59 -71 99 -5 -43 70 75 -63 54 89 -20 -93 -48 -34 92 43
-42 -52 89 21 47 -98 80 6 -39 46 89 25 -64 -1 69 81 -56 53 41 -27 80 78 83 -82 54 84 -28 30 59 80 -5 -17 4 -37 70 -26 -60 -12 -54 59 84 -13 74 -67 46 -61 35 -25 -23 -25 92 37 23 -52 -55 81 32 31 -21 -33 34 -51 43 72 -58 -55 80 0 58 -76
-28 -67 47 -42 23 -37 17 -64 -10 -37 -2 94 49 -64 99 0 -67 35 14 -6 -70 100 -83 76 80 -33 12 50 -56 -39 -86 -63 32 -68 62 31 -7 48 62 -54 -59 -80 31 12 36 52 -54 37 27 -81 -74 65 85 -58 84 -49 48 -78 -5 -99 -7 -12 76 -39 -93 -21 83 -1 -84 -26
-15 -29 52 -73 63 9 -80 56 -94 -90 -55 -28 88 -82 10 5 -72 -52 -66 -38 -24 -23 23 1 37 28 4 1 -67 48 5 -80 -73 -36 -96 6 -82 -8 21 35 7 20 57 20 86 -48 76 59 -65 64 -16 12 51 89 -11 23 -94 -84 -81 57 -90 62 -69 54 23 10 15 -89 -90 52
78 -4 79 34 71 -96 -24 -90 -29 46 57 19 -99 -42 77 -56 -69 92 -53 -30 100 92 50 48 28 44 -96 -6 1 -81 -57 3 -59 79 -30 -54 74 -99 99 4 50 96 -75 -91 33 -42 -59 93 -48 86 -14 -9 -61 47 -37 -12 -78 -16 -49 61 93 -45 62 -16 13 4 88 70 -88 63
16 28 -18 80 22 18 -68 -25 40 47 66 90 44 -7 9 54 94 4 41 -80 15 -6 -80 -30 93 70 -88 -68 -23 62 31 75 93 -13 -93 57 -92 75 35 28 72 -87 34 -64 32 11 -21 81 17 -22 -62 66 26 -22 -48 -99 -50 33 17 33 -41 61 85 81 70 99 -44 99 -51 -13
95 37 45 -30 57 100 -16 2 3 3 31 -59 -81 -13 -96 63 -22 -97 51 34 70 74 -61 -6 -34 -81 -77 40 4 13 -60 70 88 -51 89 -40 -47 75 2 68 -67 43 -61 46 -76 -76 -32 68 -23 -46 -71 53 5 -9 -81 -3 -91 -1 45 -9 89 -41 47 66 -30 -70 17 31 -20 -62
-42 51 -47 -44 -6 -68 71 -96 -50 -56 -24 86 -15 83 81 25 -77 -55 16 93 8 99 50 -50 80 -16 -32 86 -3 94 -51 -93 50 -68 17 89 76 7 -79 70 -22 -50 2 81 89 79 62 20 74 28 -9 -8 -24 -83 -45 -16 -67 85 -45 98 -23 -36 72 -95 81 82 61 68 -45 -5
28 -1 -29 -2 -56 -85 -6 37 52 -79 -28 88 -11 79 -61 -65 -35 -46 -59 -89 67 -60 71 -75 63 -72 40 45 -56 -62 60 100 73 -57 95 39 -83 -67 23 7 -100 81 -69 -89 76 -40 82 25 -31 13 47 96 72 83 -90 92 62 17 -72 23 -53 64 -40 30 -64 56 -75 80 80 11
14 -94 -49 59 -82 82 94 51 90 93 83 11 36 -52 70 -64 39 -99 -79 37 25 -82 -94 13 11 -89 76 -24 86 -15 -43 -13 62 11 -91 3 -97 30 96 -41 -78 83 -54 39 48 69 -57 -63 -18 16 -93 74 -97 37 74 0 -85 -19 -15 -44 29 34 -72 -88 1 -9 -15 -11 59 87
75 -65 69 50 80 -81 -18 -88 46 63 34 -76 33 -11 11 18 -15 -93 11 -51 34 27 90 -31 23 -76 85 34 44 28 -33 -83 65 49 39 -29 78 -35 -93 -34 82 17 -29 20 -61 -11 -90 -21 -3 87 15 -42 8 54 0 6 95 27 10 -83 42 -1 -15 -27 -74 65 -19 97 51 -53
-14 -49 -91 -84 74 25 -67 55 87 -30 -89 -42 8 -66 -64 3 -45 -62 -61 -12 50 6 0 19 -76 91 -29 12 88 88 98 -6 98 -51 -46 -24 81 -7 47 14 -15 -94 -69 -79 89 87 92 -14 14 -51 -83 32 24 10 66 100 -45 68 -99 27 49 56 24 -77 -78 -65 92 -46 1 -14
84 -51 95 77 91 12 -24 14 46 -25 -34 34 -76 56 60 -79 79 -43 32 -20 -70 31 8 -33 -18 -27 24 -23 21 -17 -34 -45 11 100 -96 -25 -39 24 -78 -51 58 -56 -9 66 71 -64 24 21 19 33 -25 -40 -89 -7 12 90 -47 20 98 5 100 71 22 -69 -8 18 23 79 -14 -34
-75 -61 70 69 -50 -27 -69 -98 83 -100 -43 1 13 -26 63 60 -38 63 3 -26 -2 1 92 -63 2 -56 72 -89 -79 -60 -82 -43 -29 76 -77 3 38 85 29 -95 9 -90 -44 -79 94 -2 79 -53 85 -76 52 -14 -38 -65 71 21 -3 37 -73 34 73 -53 -4 -2 91 -32 -12 43 74 2
-13 37 80 -75 91 -82 29 -60 3 -47 -83 -11 2 -6 66 72 -20 -76 82 -17 9 -16 -91 5 53 62 16 13 74 -35 -40 -55 -100 1 -46 -84 46 93 61 86 77 69 -86 -93 -85 -28 -98 -4 70 -85 -84 -39 2 -12 -71 -50 17 91 46 60 57 29 11 -61 -21 -83 74 64 50 73
95 -39 -33 -65 55 28 82 2 -10 -65 17 -45 26 97 9 -37 70 -37 46 83 -94 98 72 97 -92 -91 19 80 70 73 -4 -33 62 60 -49 -10 86 -36 8 91 64 52 -72 -58 0 -86 4 -70 -53 26 87 23 -42 49 -72 73 84 -2 -18 82 -46 31 -5 88 22 37 -47 -49 -72 5
-88 1 2 -49 -22 -35 19 -58 51 95 71 -25 38 -31 35 -46 25 76 17 -80 88 20 -97 -99 -93 -48 61 -18 -55 -86 -37 40 -27 92 -78 -17 47 45 74 -71 -27 -1 -36 99 -72 68 -59 -56 90 -11 -47 78 27 -9 6 -76 45 -28 -85 -29 -74 -70 84 43 -69 37 -32 -58 9 -86
-31 3 51 -56 66 3 -98 -35 62 -78 -65 23 24 96 -80 -57 45 -22 -30 -55 -36 -46 82 -57 100 -68 0 -48 -69 32 17 -5 51 78 -53 17 11 2 -13 -94 -42 -30 91 87 -85 60 -52 -17 -91 83 -51 -81 4 -32 24 -52 -56 -63 33 -84 -8 -37 97 40 6 -84 24 93 34 -47
26 -55 2 -38 -64 91 -98 -45 19 -14 -58 11 100 -35 -9 36 86 -59 60 63 72 22 36 48 -52 -28 -10 14 19 35 12 -44 27 75 80 -1 -46 31 -55 -39 91 -99 100 27 9 54 -98 -35 17 -88 -31 73 85 12 -56 -92 90 -59 4 -60 -8 54 21 -41 -96 61 18 -72 -90 37
-93 82 87 52 55 96 -16 -70 -57 43 5 -98 97 23 -53 -36 -29 66 55 88 -10 96 40 -43 75 -8 83 67 -24 94 -48 10 -68 -38 -10 -47 -15 -83 57 56 100 -54 -61 1 -63 -76 95 64 -48 94 -74 58 28 36 33 56 48 -19 -41 -52 38 -25 -83 -19 -33 -100 -76 -9 7 -95
79 -41 48 12 92 20 99 -60 -73 -6 13 11 -65 74 -54 -46 -24 -82 -40 69 38 -13 14 -17 22 -1 -11 -42 -28 18 -75 65 -89 -73 -48 -65 -55 48 36 7 16 29 -76 27 -6 -28 -98 84 -69 -92 55 -30 -59 -47 45 79 -9 34 -24 -84 4 23 -78 94 -10 66 48 -89 -75 77
27 -60 -19 62 -5 11 -98 26 -98 -54 -77 -92 78 -21 -63 -42 67 -5 -96 91 22 28 12 -71 25 62 -29 -36 -45 -24 11 -10 3 73 69 62 21 -6 -62 28 69 47 9 -39 58 -74 43 -56 48 -27 20 8 29 -15 76 22 61 46 -99 -5 71 -71 -70 -4 -97 -45 -43 90 28 -89
-7 77 63 -98 -69 58 10 -4 -34 98 -58 -78 49 64 34 -63 18 -71 -6 -28 -56 93 -90 -94 -91 42 29 -57 -100 11 -13 66 66 63 -32 -82 84 3 -1 -89 -14 53 30 47 -91 36 -24 -4 -9 -16 40 30 66 -65 45 -13 34 48 98 69 54 57 58 -63 68 55 -4 -28 -1 60
60 9 4 -40 67 47 47 41 52 -42 -21 -10 72 -47 -25 25 37 -36 20 57 10 -61 45 2 78 25 -23 -88 -81 -83 -57 83 62 -15 59 -89 -41 -40 -13 -23 25 40 57 -1 -66 -98 -22 51 -60 23 55 -99 24 -31 58 61 62 39 44 86 -26 60 -56 -56 -85 4 90 99 -20 96
-30 -8 100 -98 81 -8 -16 -44 -43 94 64 93 -82 58 -85 43 62 60 -51 24 -90 -42 49 -89 -8 -78 12 62 14 -95 -91 -6 -55 -78 14 11 36 11 12 8 -50 6 -69 -83 2 86 -43 -78 94 11 -81 26 37 -68 -2 -10 1 67 -79 -32 63 -97 -3 30 70 -57 0 -36 -65 68
85 89 -76 -43 10 -68 94 -42 -75 9 85 -65 -88 -14 -82 77 -83 30 72 97 66 64 78 46 -28 -66 -13 40 -14 35 99 38 -25 44 -1 40 -96 -36 16 0 -13 99 -63 74 85 -47 50 11 -89 -79 -47 -47 61 -35 -26 92 -18 -5 65 23 3 86 49 70 -59 -38 -42 95 41 2
-19 78 81 11 -44 41 -50 65 24 -30 33 -70 -82 -45 -51 8 80 71 38 76 -73 53 -15 92 -3 -25 -42 -61 95 79 79 95 3 -50 -30 59 19 21 -44 68 -62 -9 -4 -61 61 -61 -16 -2 -46 86 -11 -14 95 -97 59 -69 -34 46 49 -50 43 -96 -89 30 -6 81 -5 -16 88 -25
55 81 -14 71 -30 -55 32 63 -34 -96 -23 22 -28 29 74 4 33 42 72 -28 -63 89 41 -26 85 -95 67 15 92 -79 61 -2 38 83 -6 64 -65 30 27 -49 45 46 -67 0 60 41 -19 -56 44 85 -59 -57 75 -52 74 -87 -82 93 -93 -35 -91 13 -30 32 2 19 -51 92 -13 9
39 -43 -68 79 -59 -65 18 -21 63 65 -6 -57 29 44 -69 -76 92 82 72 -65 61 46 -27 -23 37 -8 -35 94 -30 -22 -24 -88 73 28 -1 -14 85 93 75 99 47 99 -11 -28 -21 90 -75 68 -95 -13 -75 -44 6 39 -19 -19 22 4 78 22 -44 -40 -82 90 98 65 3 12 -28 -58
-61 36 29 21 100 -6 -27 68 92 30 -79 -17 64 95 14 -41 89 -53 89 73 -16 90 -93 16 75 -3 -50 57 78 35 84 33 -58 -6 49 -1 -25 -75 -63 45 -63 -97 24 82 40 -43 76 36 -33 85 77 -58 -16 -18 45 68 -64 90 7 -94 99 27 -91 -31 21 47 57 32 91 93
90 30 80 -70 85 -58 -60 71 -81 -42 5 39 -68 -62 5 -79 93 44 13 -29 3 -96 65 -89 -75 55 -10 -7 38 -51 84 36 -10 88 -18 -21 48 -20 6 -5 -52 9 13 15 74 -78 66 -77 -76 -67 26 -7 15 72 -34 95 -64 85 91 -18 87 -39 33 -29 -53 42 49 -38 90 52
-3 59 60 -13 83 -23 -66 -27 -23 -42 -78 91 -75 4 -31 77 -87 -31 52 -97 51 -5 -98 44 -77 -89 99 39 81 -60 -83 -31 -11 67 -18 -32 -14 -19 67 -55 96 -82 82 -28 45 17 65 -7 67 19 70 22 -67 -19 -17 -4 90 -15 -3 7 43 -80 62 45 91 25 -3 1 78 -3
57 -67 -50 30 -94 61 -62 14 84 32 -30 -48 -37 -34 60 48 14 30 86 -13 72 83 -89 43 51 -72 19 -43 21 -36 89 -17 -44 -31 20 -60 37 -66 -83 62 60 -86 -14 78 -49 89 30 35 -79 -22 -52 -29 55 -42 36 -26 19 9 -47 -68 0 -61 49 14 -4 72 -81 65 61 58
56 61 68 13 -42 -19 89 63 -68 -31 -83 5 1 -71 94 -67 -53 93 -78 -95 -57 33 52 -90 1 -87 -23 26 -23 58 75 -94 38 79 33 -33 -10 -18 93 64 -78 -42 77 93 17 66 82 -15 -48 -58 72 -94 95 -37 37 -34 -39 93 -50 26 -46 35 -36 -61 -33 5 5 -33 86 78
-78 -44 -60 -89 97 -20 41 89 -41 84 92 46 -78 -76 51 46 -65 -6 52 81 -54 -32 -78 48 -69 -11 75 -100 6 -56 5 59 7 -23 100 -39 23 -27 10 -66 -36 85 -61 83 91 13 16 -81 -33 50 3 12 -9 31 -55 -63 -43 -28 83 59 -19 90 62 76 -8 5 15 93 0 -99
40 -63 -100 38 -67 -66 -23 30 -56 11 -37 -19 43 -6 93 -57 -23 69 15 48 10 -30 -60 -51 5 74 51 96 -37 -22 25 23 40 -73 -32 -58 96 -39 -50 56 16 -96 89 3 -22 -100 78 -10 76 -27 -82 -16 -22 -83 2 -96 83 -12 -34 6 -77 -26 75 39 -71 -8 11 -60 73 -80
-18 -92 25 -16 -86 40 28 -99 -80 82 -61 -96 -82 73 -26 93 19 -50 53 -71 5 0 26 27 90 -96 24 -18 93 -27 -63 -80 49 23 93 23 5 76 -41 84 33 -45 96 28 63 83 86 78 73 -50 65 36 -14 24 24 -66 37 -54 -90 40 78 -56 -27 -7 94 99 37 -30 60 32
