-54 13 -6 68 70 84 47 -20 28 -12 91 46 20 -30 -79 -47 -54 39 67 90 11 -71 -77 7 66 -67 92 64 12 43 -40 80 35 -12 5 65 -99 -72 53 -1 92 52 96 -66 35 82 91 39 10 54 84 37 44 -1 66 -12 -97 70 -59 41 -92 -77 24 43 85 34 51 -11 -66 -29 -22 -95 -23 86 43 -9 -13 -79 -77 -97
-12 -39 39 0 -15 -89 15 -96 29 -38 93 -53 98 25 62 7 -82 67 -71 -34 91 -55 -19 25 -64 -59 -78 -96 -44 -73 -79 74 67 -66 -19 -96 -16 60 16 -33 -70 92 61 92 92 -5 -87 59 36 38 -54 53 13 -40 24 -28 51 -64 -37 10 96 98 25 15 -66 41 95 -39 91 57 76 -83 -3 84 49 -43 -31 -42 -34 84
-65 -4 -58 -1 47 74 51 37 -41 32 -86 -14 -79 3 31 45 34 -24 79 100 33 -11 -90 -48 86 26 58 54 -52 66 -49 8 86 2 -14 28 80 -83 -25 24 3 43 12 -15 -48 -19 -49 -68 -24 -80 1 41 -52 4 -2 88 57 92 58 60 38 61 -28 77 -66 7 -35 78 -28 25 -58 -93 7 39 5 -35 40 -60 67 36
19 38 61 51 -77 78 -86 17 -30 17 -91 -82 -55 -30 -33 2 62 47 50 -41 54 51 -71 -75 32 -69 -72 2 -22 -43 20 77 61 9 -70 75 -74 -18 24 -90 -55 -4 -58 -73 -82 -65 -17 -48 -30 -71 57 14 -5 1 30 -64 58 -31 30 -70 54 30 38 82 -3 -89 -68 -38 -6 59 89 28 87 88 -56 -40 30 33 38 -88
-9 -65 86 -49 -12 23 -29 -40 29 -97 22 99 -68 -72 48 85 -61 8 -99 -40 -45 -91 -88 -86 37 -99 -59 48 -87 98 77 -49 18 -43 -73 79 -58 -27 63 -100 34 17 -25 91 51 -23 -17 12 52 -6 50 99 74 -27 -99 -33 -57 88 -88 -75 68 0 80 73 -40 -64 96 6 90 -28 61 -33 57 -97 7 -52 4 -73 70 -11
40 10 -67 59 -54 60 -84 90 61 -73 -70 -49 -58 9 -76 -20 80 -8 -63 96 37 86 -10 -74 -29 53 99 -96 -19 23 63 -26 -85 -16 87 34 -82 41 16 38 -28 -2 80 -36 -27 -39 -100 -91 15 0 -1 93 -92 91 -8 -4 28 -54 -23 -38 74 -68 64 42 -41 -69 23 -44 90 92 18 81 -85 -10 36 -15 44 20 -76 51
-2 100 92 60 -62 -26 15 78 98 -26 -18 -3 62 18 -64 53 -86 87 22 2 54 45 86 91 -47 -89 -5 2 66 -64 -6 78 -13 -5 22 75 80 42 44 -59 12 76 -54 -79 -57 -88 68 -62 10 1 -13 37 73 -7 12 -70 31 31 -57 38 -7 -50 30 -24 -65 -74 31 0 100 39 -53 45 -47 43 89 -30 -89 -95 35 -91
50 -26 38 -78 52 -96 -5 81 92 -14 35 83 14 -87 60 82 65 -45 -45 -26 -9 -48 -43 1 83 -28 80 -38 67 -18 98 60 -9 -41 -59 23 -11 -82 -5 78 -43 -47 63 -55 87 -61 75 -13 77 -98 -66 -80 53 -18 -79 -9 -4 81 81 81 -70 -63 42 68 17 -46 85 -64 91 67 -32 -98 8 52 -15 36 -78 23 88 44
-73 -27 -64 -64 28 68 85 -34 86 44 -65 60 28 -97 -47 3 56 32 70 33 -7 -18 87 21 -89 -39 -26 -21 42 78 -82 -26 81 12 61 55 39 2 83 -47 10 -67 76 63 -66 -40 -72 -1 -89 -12 -13 76 1 87 73 75 -14 -35 -67 -41 -73 94 32 -16 13 -34 37 -84 -86 -69 72 42 16 -4 -47 85 65 -67 17 -49
-5 44 38 66 -57 34 -39 -60 15 -54 -60 28 29 -20 22 73 17 -90 -69 -26 32 70 89 -55 84 -8 73 10 -18 10 70 67 76 -48 54 -55 -1 47 -82 -35 26 -65 -9 -57 -39 24 -14 70 68 -34 87 24 -17 69 29 -46 51 74 48 71 -80 90 -76 4 84 87 38 -7 -35 50 91 32 -36 -63 -29 31 -18 -33 60 -99
80 -83 -78 57 79 -89 -91 20 62 11 -30 78 -70 -99 -34 85 -45 -93 86 50 -71 78 -23 93 -50 86 -30 42 60 7 5 63 -6 -49 -22 65 -1 -53 35 -41 60 28 46 95 77 44 -83 -53 -51 11 -85 -50 38 -26 -25 18 32 -62 100 -39 -18 -41 -76 -43 -57 45 39 -73 -81 -69 -9 -23 -66 -2 -7 -14 13 -94 -91 -28
-13 -47 55 -85 58 -81 3 26 11 -29 -83 -55 17 -58 -40 -37 50 87 29 -38 -32 71 -24 13 67 58 -78 95 -8 -94 -30 -21 61 -36 -29 -99 34 -4 9 78 -100 -51 -72 -33 -93 -76 2 54 93 -60 61 -36 -51 -58 58 58 41 -72 11 -27 87 -75 -12 -82 10 60 -91 -48 -84 25 -1 -10 65 21 98 87 36 87 62 -7
94 66 -74 58 47 34 96 100 -80 78 34 24 -46 18 100 -72 -42 -67 -56 -3 -32 57 23 -33 -19 67 -18 -68 -10 -52 -5 48 70 65 58 -40 67 91 89 84 -85 13 98 93 63 -20 10 -6 25 64 40 -100 55 -53 -81 -23 48 45 -25 -65 -27 -23 33 80 63 -52 18 89 -97 39 14 -26 6 16 38 17 -15 96 82 -87
-59 94 88 -92 60 -70 -17 49 15 82 98 -88 50 40 52 -66 -91 -82 86 -58 -20 2 -56 -73 -61 67 17 -5 -72 61 5 -26 99 -86 -48 -63 -21 92 80 66 68 -82 3 -70 81 66 82 47 51 -38 45 -89 57 -96 -89 -74 -56 -26 81 21 94 -51 97 85 56 97 95 92 -84 94 -73 99 -86 -61 -24 68 -30 -28 -75 -55
-7 75 36 33 -72 28 -78 10 -89 40 -2 -39 58 -93 -3 -14 57 -88 96 -11 -74 -91 70 -41 88 -20 -41 -25 -38 28 -48 -1 7 11 39 -67 81 84 -42 -84 -89 62 89 2 29 -22 -42 80 91 -76 34 -9 -32 -72 -11 -3 36 -48 -29 -13 82 62 29 -31 76 -1 -10 -43 63 12 -83 83 -68 17 45 35 -58 -85 -54 85
-44 14 46 -26 62 -10 10 63 -83 -58 -31 1 -74 -86 72 57 -51 21 -77 -34 -2 -38 38 -40 -18 -66 89 -2 5 65 -81 73 5 -49 32 -36 -53 -83 -60 28 -54 95 -83 -50 -34 26 0 83 -1 -70 -82 22 -12 8 18 95 -34 -15 62 77 -27 -70 -9 18 -46 -54 -20 -54 49 67 -57 -84 9 59 -13 -30 -98 55 86 73
87 73 50 -27 -55 -77 46 61 -54 30 26 71 42 30 -64 1 81 -37 58 80 -55 28 71 -69 24 8 -33 71 -39 54 -90 52 38 -75 56 -98 59 46 1 90 63 -47 87 -9 36 41 86 -71 69 71 98 -70 -28 -28 23 47 19 -11 -42 -20 92 -20 -85 10 -32 -88 -19 49 -17 -48 9 0 78 18 -34 -8 -16 -11 -25 -85
-26 60 29 4 -67 -66 57 -33 -9 -57 69 -35 15 -14 -33 -37 -35 38 -52 -74 -17 -91 -18 -73 30 -76 56 -12 28 8 6 35 22 31 96 -94 89 36 91 70 86 29 66 -85 12 -52 98 -3 -27 40 -37 0 29 -36 82 -35 -38 -44 -25 25 -61 -72 39 -3 5 72 34 83 12 25 -8 50 -43 -6 -43 -13 7 84 -44 13
-18 -17 -7 -6 97 55 57 16 -11 54 87 36 -62 66 56 -33 -100 -82 -33 85 -47 -27 -61 71 -63 72 -6 78 77 39 -13 48 -83 83 78 -8 -11 15 74 -22 -63 -27 94 20 20 97 19 -75 96 -28 -8 -50 52 -56 7 77 88 -85 -41 30 27 -76 -22 -79 97 -83 -69 -48 94 -98 -17 -27 -72 71 57 -93 -65 -57 -87 -60
95 -56 -54 79 37 -37 -31 22 43 80 64 72 -79 99 -85 -15 -99 -18 96 -25 48 -6 -46 -24 -77 -66 -68 14 -64 -77 -74 -56 11 -77 -39 -64 -9 11 59 -49 96 98 73 39 -95 16 2 -39 87 -2 -93 -21 12 -75 69 -90 -15 61 42 -26 44 -24 -86 -9 -81 15 91 20 93 28 27 -72 87 -74 42 22 16 -8 92 -50
16 28 27 -74 14 46 -82 35 2 -49 8 -29 -93 -14 10 -64 93 -99 -68 -47 -43 13 -77 34 66 -35 22 13 77 -27 -73 1 -87 -56 43 41 77 -47 -71 8 -76 76 -1 -15 -41 -59 -80 -43 -55 4 -16 -31 58 33 -89 71 65 5 67 -88 88 67 51 -86 -17 -23 -23 44 -64 15 76 100 57 52 -86 69 29 -59 68 18
-64 52 -39 13 -9 97 -52 23 -30 -13 -16 -76 99 92 12 -6 -61 84 88 -55 -63 73 -100 77 14 41 7 13 3 -70 36 32 14 81 -39 -36 93 -40 -79 -59 -79 -58 -44 71 -56 0 -94 44 -94 -19 97 49 87 44 -73 -13 67 37 -35 -39 -40 -69 -42 -16 1 -66 -2 7 -89 3 0 3 -11 13 -21 -52 -55 83 82 8
-60 -87 -91 -65 42 77 63 32 -100 93 60 -58 -13 15 -1 88 -75 48 79 11 47 -100 46 93 -68 83 -13 18 98 -35 12 88 82 99 -73 -65 13 -51 -41 -89 96 -68 -13 55 -9 96 23 -58 -55 56 68 77 -28 75 31 48 57 44 52 24 36 -52 96 70 -64 35 88 28 63 35 6 -84 55 16 -43 11 -60 53 -12 56
-60 84 22 -66 0 -100 -91 65 96 -43 -89 -46 -76 -75 17 -70 -37 78 -48 -24 -61 -11 17 2 15 61 95 54 -17 -14 37 48 51 21 87 31 -32 46 49 -78 86 -6 90 31 18 20 85 24 -79 -97 95 -55 73 -21 -87 94 -25 58 -89 45 0 5 -19 -57 -36 -77 -3 24 24 -19 -17 -31 55 49 -90 -30 53 -14 -64 -16
41 -78 -45 40 37 -22 -52 77 21 17 43 88 -14 -38 54 52 77 93 -47 24 -28 -70 88 40 -16 -8 -14 -43 -42 -60 -41 77 -83 -8 48 92 28 44 17 81 -5 -73 60 9 -9 -9 97 -25 -3 -94 6 39 50 0 -93 -73 6 -89 -90 25 -10 -22 26 22 -73 50 28 -30 43 34 51 -34 -64 -3 7 -65 -12 29 82 -55
7 -17 -5 78 -14 -44 95 76 78 97 -70 -10 -52 -8 8 39 14 14 59 -25 -26 3 -15 -38 -76 34 -74 26 -61 -95 30 37 -2 93 73 -84 -18 35 -33 78 -54 10 -80 -22 -100 -66 2 -12 -48 79 -50 11 -89 -50 13 91 -66 -44 1 -11 -88 43 56 -90 -56 70 -71 92 -32 -100 65 52 -71 -46 -69 29 98 -33 62 -73
34 48 4 100 -86 -87 -56 -53 10 -60 -55 96 67 36 -86 -2 23 -69 77 49 -72 -72 -25 -13 6 -78 76 -85 -3 97 -88 -53 -92 -92 90 -29 -15 -94 -1 71 -96 -1 46 19 89 -53 -16 -88 47 -19 6 51 -93 62 -11 -31 -10 -11 52 -11 54 2 -39 39 -26 -93 19 44 -22 34 95 59 22 74 -23 54 -32 -34 10 18
-13 37 -13 -11 46 24 -98 11 100 53 -92 98 71 -47 76 -48 98 49 -44 -3 33 -1 -38 84 -85 13 -65 -87 49 -14 70 86 -2 -44 20 85 -67 -10 45 1 -41 -37 46 -30 -12 -27 -47 -25 18 71 -81 -46 -49 82 -6 48 -99 54 -64 15 -17 83 -48 49 -62 -18 76 72 -29 -96 -91 -96 84 -62 68 -77 68 -89 -50 53
-81 -32 94 -52 25 57 68 -20 -43 89 37 15 9 13 5 58 -54 55 -23 43 34 33 26 -64 -29 90 85 -92 70 63 16 89 -75 -3 37 22 87 -58 33 -86 54 41 -1 -61 7 -6 -76 -18 -96 -56 51 -69 35 -30 -31 -46 -73 75 32 64 93 -15 33 -38 11 -78 53 57 4 75 60 99 13 -10 79 -30 -44 82 71 50
67 -50 -62 -43 -14 -41 19 -23 5 2 -91 66 -87 20 79 -53 -28 -3 78 71 -58 35 54 64 -36 25 7 -30 5 18 -22 -14 99 50 15 -66 95 -38 79 -34 -43 -23 -86 -89 76 26 2 42 -72 -43 11 60 -80 18 -8 -79 58 -22 95 70 -97 -43 -3 -88 86 -1 -12 2 49 -26 35 71 63 39 -67 46 67 -91 -83 84
96 -96 18 -86 -7 -60 47 98 53 27 -60 44 43 3 9 46 -47 -26 49 -90 -74 -85 -7 -29 -87 -49 -90 -95 -76 -99 76 96 -98 -10 -82 -74 -49 94 -96 -11 -76 -78 49 41 41 15 -22 56 3 68 -11 63 23 -80 53 -43 20 -6 -42 -84 -62 69 7 -54 -81 100 -43 73 22 -91 66 48 -86 24 40 -82 -11 90 91 -30
-18 -73 -59 -78 43 22 36 68 55 86 -31 29 -22 -18 26 -58 28 -37 -59 85 -9 57 -76 86 36 -93 -79 -28 36 81 10 4 -15 -18 76 -46 96 3 -71 20 97 -16 -64 52 -42 -1 5 99 -80 -75 87 -42 30 -92 46 51 -83 26 97 93 -50 -33 35 -19 -57 91 -73 -42 -35 -95 47 -11 -25 44 66 -22 13 -60 73 -46
-96 22 70 -23 10 -69 -2 87 72 63 -95 73 -80 -82 5 62 69 -31 -83 -58 -89 72 -32 64 53 -92 -53 -29 -58 -5 -42 14 1 -78 -26 98 2 47 69 -56 -58 30 -6 83 9 2 57 97 -37 -59 14 -59 86 -62 61 94 -67 -60 -43 25 93 29 -75 70 -54 -7 -45 -68 -82 -50 53 64 -14 65 77 65 -8 -37 -3 -44
17 -57 57 -100 5 40 43 90 43 65 -37 -36 -8 -82 58 -41 -98 -22 2 -12 26 60 -80 -4 -12 -53 -68 48 -79 9 9 -29 -84 -37 -73 -16 -82 -15 22 -23 -14 6 85 -36 33 61 -88 -83 -94 -51 -36 56 -47 -54 41 39 -96 26 17 -63 6 11 68 -98 13 -57 87 -89 12 -70 3 -1 -87 -99 -39 -97 37 60 24 45
-90 8 -68 -42 -31 -78 -10 31 -59 -12 17 49 75 71 20 -24 -71 72 -84 -14 80 38 19 78 70 83 -82 83 58 97 30 -45 -52 -83 82 -35 96 -84 79 63 39 10 -10 -6 84 -18 78 24 92 -64 -22 57 -38 26 -24 -37 -72 -18 -89 57 6 -1 88 -49 77 15 -81 -15 66 -95 43 -96 -47 -34 -10 -6 32 -92 3 -20
-1 -41 -87 28 -18 10 -99 29 64 97 58 -6 -63 88 -54 -19 -70 17 -70 55 -99 74 -99 -10 -2 21 -46 -57 -99 38 -37 -15 89 -68 65 -29 -3 -24 -86 84 62 -68 -49 94 -79 31 43 94 -47 8 -66 96 78 1 64 -71 21 -5 34 -1 -4 -24 -69 -56 -100 66 19 24 -57 58 -24 -62 70 18 -27 83 -80 -34 -12 97
67 -82 -65 77 41 48 66 -91 100 3 -67 80 71 93 30 12 -23 3 -33 -12 51 -100 -94 98 4 64 48 -57 37 41 42 41 28 -24 -42 80 -20 36 67 45 -63 8 -9 92 45 92 -36 75 -77 -31 -29 -27 -74 -97 49 -56 -42 -80 3 81 -59 -58 87 -17 17 20 48 54 7 72 -81 -2 -33 43 82 -90 83 -45 -87 -36
-58 4 -34 -48 -50 69 86 -1 -31 16 68 -66 32 44 22 41 65 80 -31 94 -79 -23 -86 46 29 41 70 79 -17 -90 -82 44 -14 -40 -25 58 -67 22 45 -38 14 -35 60 -61 -41 28 69 -51 -84 93 -10 20 96 -58 77 -78 -85 -91 -95 99 -40 -49 2 -69 -64 -64 -45 3 -8 -45 84 55 -32 55 99 1 58 25 -88 18
30 -25 -91 5 -75 -21 -88 -17 -66 -45 -84 80 -46 71 -40 32 -79 -5 12 -2 45 44 95 27 -26 74 -42 -69 -44 27 -63 -93 -52 -57 74 -4 56 1 86 13 -10 -42 92 -69 -49 -43 35 84 18 -13 48 32 51 26 91 -38 73 -32 53 42 24 -97 85 21 14 -93 69 -41 80 -95 58 78 19 70 -40 -5 54 64 40 -47
-12 -31 43 -2 -43 90 27 -81 24 -44 75 17 52 65 43 -77 29 55 -31 13 2 71 -47 81 -59 -18 -42 67 -87 -81 40 -26 -82 66 -54 56 -55 -15 66 -2 45 -29 66 -78 85 -75 64 35 -10 87 48 -30 -95 56 -16 -22 -4 -4 -83 71 55 77 -32 -42 66 -67 19 -72 58 -33 31 39 -67 -86 59 -35 57 -87 44 85
61 89 42 29 -89 63 -19 -61 95 -35 -66 -65 -68 -23 -34 -5 -14 -25 -90 78 -76 -71 93 23 -74 -65 35 0 -24 23 4 40 -78 -96 60 81 -11 51 50 7 -62 -65 54 -75 24 -84 10 83 -66 -100 -54 -11 -84 -1 56 42 -45 75 4 75 -74 -23 23 -65 63 50 -22 87 -57 23 -59 21 -26 12 94 -82 -86 4 19 -99
88 55 -81 54 8 -27 -61 -27 25 -51 -38 -34 2 -1 -36 -14 -55 -10 -77 -53 41 76 69 -98 -36 91 -66 68 77 -14 -66 -78 75 93 24 60 9 38 -2 96 -95 98 -11 -7 76 86 98 -85 18 54 -64 55 -62 -97 95 51 -71 -44 -45 -89 -83 -7 -94 -65 -67 88 81 30 -8 26 -91 -86 9 33 58 -93 75 -95 29 99
-5 -100 -40 -53 -73 -67 39 42 -7 36 54 -75 80 35 -48 -100 -100 -5 -70 -40 -43 88 -89 2 91 -64 -86 64 16 0 1 -53 -14 80 71 66 10 -12 70 84 -96 -32 -13 41 92 13 -72 -43 -89 58 -12 -68 38 -48 -28 -54 -95 71 -23 13 -20 -96 -45 28 -11 -20 -14 27 -19 84 -78 57 -16 -19 53 24 -3 87 45 72
-89 -34 17 17 21 -66 85 -10 91 -33 -27 19 -87 77 -47 79 -32 -98 27 -93 -16 31 -5 -34 -90 87 56 13 -7 15 -35 7 41 -38 -24 78 -19 -40 -98 -64 96 -69 -19 50 -46 88 -14 29 41 45 -35 56 -24 -62 42 -39 97 -84 33 66 57 72 -100 -32 -66 68 42 100 71 52 87 26 -56 60 -60 -88 -1 84 53 -84
-30 20 -20 -50 -55 48 -99 8 -29 34 100 -93 -44 23 -73 28 52 20 0 56 34 -40 71 -40 -90 78 85 -17 -49 -78 -35 -89 -20 -59 -81 -69 -5 -79 100 4 -78 -77 -71 -56 86 82 -79 7 -50 -19 -30 94 -64 -54 -92 87 42 21 -34 55 77 26 -90 73 -63 -70 -83 -23 65 10 26 -72 -33 -4 -25 93 19 91 23 0
-44 -72 -97 -56 -58 58 -56 16 -11 -61 -24 57 -35 -31 27 35 -45 97 92 40 32 79 83 32 -19 -61 32 -11 30 -62 26 53 -1 -93 37 83 66 -63 39 -18 -67 -98 95 17 -57 49 70 -40 36 97 39 -4 49 -58 -76 -33 -92 -9 -14 -21 64 71 -97 12 91 -13 12 68 89 52 9 -8 -63 10 14 -50 -70 53 65 100
67 -45 86 60 72 36 86 -74 63 -44 40 -7 100 81 27 4 51 -37 -22 87 49 88 -100 -94 47 19 46 -92 57 69 33 38 86 -76 82 -64 -5 -27 72 -36 30 73 40 100 -54 21 55 -35 -15 -70 -37 94 68 -93 -94 -90 93 50 88 -67 -18 88 -23 -91 100 3 -38 51 5 57 -47 10 -35 15 -22 67 -100 -84 -29 -56
-8 54 -88 18 52 -98 -53 23 -35 -13 99 -76 -86 47 -55 22 8 83 47 -30 14 -31 -54 46 46 78 -84 54 -3 -92 63 -10 65 -15 -67 -7 72 -51 85 55 -99 11 47 82 53 68 14 24 27 93 68 -78 56 57 53 -9 -24 -11 -17 49 -30 62 -2 -59 -56 -19 20 -71 64 94 29 15 -97 -87 21 -66 88 -11 99 55
-10 6 -87 -73 -94 -65 -13 26 44 -20 -32 91 -8 -49 39 72 87 -6 88 -80 25 -24 -86 -19 52 8 -59 76 -25 -63 66 92 11 -10 65 -83 -18 -5 68 15 -13 98 75 -24 22 -34 -21 -1 -31 -21 88 -98 -16 41 -100 -55 72 66 1 -81 -56 -96 55 -77 76 -92 21 -14 -43 -19 -42 17 39 47 99 -95 -88 -87 -17 -59
-99 62 -42 86 2 -86 -95 39 99 74 100 59 -44 -53 -91 -59 -82 -62 -50 -69 85 -100 -70 -62 -58 44 -48 47 -51 -15 -8 -11 -54 49 48 -13 -63 16 -72 79 65 -50 53 -7 -10 -55 -86 31 30 -69 99 80 68 -13 -56 79 -70 57 22 0 27 -92 -52 56 72 32 14 -26 55 58 72 11 10 86 90 29 17 20 0 10
-86 43 70 14 100 22 -41 39 20 9 -12 -100 39 -36 -19 62 -100 -56 26 -3 83 55 -21 80 87 -30 -57 -70 -38 31 13 -51 -2 -74 26 -18 44 -72 -46 -65 53 19 -54 97 35 -87 -37 -20 -58 -28 58 63 42 31 -79 32 -43 -84 53 62 -27 30 -18 59 36 -98 63 34 -8 -8 7 22 -83 -35 -15 61 63 12 -60 -92
-61 41 28 19 -26 87 57 -48 -96 75 -53 -40 -86 45 -13 -43 -7 11 98 62 -87 -1 32 23 97 -1 -12 -57 76 -21 -31 -32 72 84 -6 -82 76 -12 -20 2 -84 9 -50 -94 73 49 86 38 6 -17 42 54 1 -55 5 100 5 -38 27 72 -57 69 -94 -43 -34 79 2 75 27 58 96 -22 -3 26 -45 92 -63 52 -53 -56
39 28 -2 82 58 -14 0 -43 7 -78 45 -77 -32 3 73 -71 97 -39 40 -89 -83 54 27 -64 -53 42 -53 -12 -2 61 -2 -55 -25 -45 -9 14 -94 -42 48 -74 -31 -19 -43 -95 -16 59 30 47 41 -27 1 -23 93 -13 23 -42 31 -95 -19 -59 -51 -32 -1 -29 23 19 -3 -39 94 -37 -76 95 -94 2 89 7 28 13 -100 31
59 78 -76 47 -93 14 67 -1 69 92 -3 -48 -6 -25 -32 38 33 -70 20 -75 6 86 59 100 -71 -1 -70 -5 25 -82 -39 4 45 -66 -4 -99 40 -85 93 -6 89 -42 3 8 66 -29 47 -97 -65 -45 -52 40 -56 -12 -51 89 47 -62 44 -9 68 51 -38 -19 -74 -83 39 60 4 36 95 94 -10 62 52 -36 -32 95 -92 74
-27 21 -50 4 -30 -34 -74 7 18 -48 86 -49 15 -59 -33 -6 32 -1 30 63 49 35 -29 -67 -27 63 -8 -57 99 -16 26 41 66 25 16 29 51 73 -5 -80 94 89 92 -22 91 -48 -65 -30 77 78 -52 -57 91 99 5 -81 16 45 -23 87 50 2 91 -42 16 54 96 -68 -3 30 23 62 -77 86 8 -32 -13 92 -64 -83
3 36 40 56 79 16 -69 -47 -82 -91 26 51 -38 8 -9 -3 37 48 -77 35 -14 96 93 -87 -85 -49 41 -85 54 -45 -88 57 85 15 37 27 60 -67 78 84 57 -26 23 -59 -47 -88 -72 40 -79 38 -41 -12 87 59 56 74 36 -98 89 -59 64 -71 -18 38 21 -1 -58 42 -24 21 27 18 8 20 37 40 -62 -14 -27 50
-4 -2 -32 72 -55 97 89 -77 64 21 -25 -90 -91 76 26 85 45 -41 -66 30 -17 -74 8 97 -13 -3 -42 91 -40 6 100 -59 65 -25 -98 -3 -94 61 -94 76 65 -29 -68 -35 -99 97 90 -10 64 31 76 -91 72 81 79 -68 38 -83 52 34 18 25 13 11 62 59 47 23 50 -23 15 -72 65 -22 -95 62 99 29 42 93
83 71 -51 -22 22 -55 83 74 -85 -87 43 77 37 -95 -33 39 6 53 26 -10 -18 92 64 -67 92 -17 47 86 49 79 -81 -50 -10 -38 73 -25 -44 -47 1 -90 17 -98 -6 -83 -61 -76 -3 -36 36 -67 8 -4 21 -5 -100 64 -79 77 27 -79 -38 -70 50 62 -31 -2 27 22 87 -41 30 73 33 80 -25 35 -54 81 3 49
87 -6 67 -95 -31 82 4 -60 50 99 -52 -79 92 -2 47 29 53 -94 -16 -7 0 57 -96 56 33 76 -56 -48 28 -37 -50 -28 14 65 31 -33 32 68 16 64 39 23 -9 -3 27 -90 39 -18 45 19 75 -70 -58 -59 -66 -74 -67 57 -34 59 -47 4 -81 74 -42 -22 58 -73 -25 -18 -66 60 -81 -21 62 -56 -79 -72 -27 -65
79 64 49 -37 99 -5 60 46 98 39 73 63 93 79 -88 -51 73 -80 -75 27 5 -38 -64 78 51 -67 54 -61 26 47 -52 65 5 81 -61 85 -64 77 -68 -44 -73 23 -84 9 -52 -19 -62 -23 87 54 -8 -74 -69 9 91 -92 -34 -24 -32 -89 11 -10 88 17 46 -31 -37 16 67 23 57 -85 -61 -5 97 -87 13 -19 96 -14
53 -52 -19 53 -16 67 -61 58 78 97 38 -23 -9 25 -70 26 -89 -43 -45 68 56 -58 37 61 98 -25 -38 0 71 19 -56 58 69 -59 39 73 64 100 -25 -62 -52 -57 -65 -52 16 -38 -1 -75 18 -17 -57 86 -63 64 -30 -64 52 78 -26 -2 -9 -19 71 -31 -43 29 -71 40 61 25 52 22 70 -55 -94 -69 -18 -98 -82 -97
-94 19 91 65 -88 -97 81 61 -4 -80 -68 -100 47 -47 -61 -41 88 4 24 -45 -61 31 -84 80 -82 17 92 -21 -35 -83 68 85 36 12 49 -81 -21 -95 7 -71 -69 8 65 -31 15 29 17 -69 -20 -83 24 29 29 54 45 95 59 -5 -27 23 -35 42 57 -95 94 -71 100 -38 80 -30 -76 19 -94 92 -3 -27 -15 -69 -72 -7
48 15 -49 -45 -72 -92 -17 -43 8 7 -11 -13 50 -53 15 45 -63 62 24 70 -13 -9 21 56 -26 27 71 94 15 29 -1 81 6 89 -11 -24 -23 68 -5 -38 4 -39 -9 -64 -1 62 44 -92 28 -59 0 -49 89 26 66 -22 83 47 -54 55 -31 -5 19 -22 23 -14 84 -8 84 -43 -33 77 80 -67 63 84 -61 4 99 37
-79 -73 45 -77 72 -80 8 -33 94 76 33 24 28 -10 4 92 27 44 62 32 -16 -72 63 5 65 -61 85 -86 -89 -79 69 -10 -24 -83 4 -96 100 51 30 22 56 -24 91 -98 16 -65 -26 61 72 97 38 83 -86 71 -23 37 73 29 78 76 -38 -6 7 28 99 11 63 45 45 14 -78 54 -90 94 -37 -6 -50 58 -90 62
52 13 93 62 -47 0 46 -95 73 -43 -61 -19 -42 -54 38 93 21 77 -86 -75 56 35 -89 98 -68 -21 -70 48 -53 -2 -39 96 51 72 -76 33 61 -30 -23 72 10 15 26 60 -100 -37 25 59 54 -96 75 -33 -69 -53 16 42 -3 -36 -2 -78 -99 100 46 -89 -88 -33 48 59 79 61 -22 -44 83 68 63 -60 -34 34 54 48
-90 36 -14 -6 47 76 79 91 -54 -4 98 -31 48 -82 -45 -37 -100 60 98 -29 95 76 91 -51 -81 24 93 38 44 -18 99 58 -39 -18 39 -61 -14 -83 -24 -14 56 31 -75 19 -71 -21 72 -38 -86 -79 -13 38 89 78 28 22 59 4 -81 -51 87 80 -48 97 -28 -2 0 -68 44 -82 41 -57 95 45 -44 53 25 -32 56 11
-87 72 93 49 -63 -61 -89 -54 93 83 -39 -41 67 9 -14 -59 -2 -15 85 53 67 60 48 -72 27 -1 -55 22 -60 34 94 75 -55 43 60 82 -21 -85 19 26 70 56 -48 93 -71 30 -78 -85 44 6 -25 -75 97 -26 76 64 -41 -49 -54 84 43 -90 -37 3 -66 -84 -42 -60 51 -51 -11 -61 88 14 -61 -14 -73 -43 89 24
94 -58 -7 -66 49 54 95 2 -92 15 72 -67 -35 99 -78 18 -90 92 -38 -94 -64 -36 -27 -28 15 85 -86 54 23 -62 68 -70 -70 54 17 71 70 0 49 36 -79 83 74 64 -97 83 -77 -70 -31 70 -77 93 87 4 -61 37 -89 94 50 56 24 -38 -67 91 37 -54 -53 47 -56 26 -10 34 -81 67 7 4 65 45 -5 -25
-37 49 80 -15 22 -93 -26 -33 43 36 87 -43 98 -94 -77 16 50 49 86 -53 95 53 -75 -38 94 72 23 -2 -94 85 -49 -35 -66 60 35 -91 -94 67 0 30 50 -97 50 -38 24 -4 59 97 -63 53 3 39 -34 -37 89 -15 -16 -48 -57 -51 -15 95 -88 -57 -16 39 38 58 8 33 -11 -91 0 56 20 -42 88 -58 -70 -91
49 -75 -81 -84 -28 -99 11 83 76 -15 23 -69 47 -5 -78 28 15 -46 -55 7 89 43 -71 -67 86 75 24 -44 52 -93 -90 45 82 -80 -68 -85 -71 96 23 -16 83 39 -82 39 -35 73 86 -85 -76 -49 -46 -56 -24 -37 -48 -78 78 -63 0 16 -66 -13 59 64 -99 7 -36 77 -7 19 12 61 -87 8 94 -90 85 7 -71 41
67 -55 -50 11 -63 -52 -43 -53 90 -29 39 68 12 73 -9 28 -19 95 75 -10 54 -85 -99 -25 13 65 -35 27 -21 80 -73 14 -29 -22 67 2 -68 -7 -52 -28 -91 -91 -84 74 15 49 28 65 -72 -29 -40 41 28 -100 72 -56 40 -71 78 -32 92 -40 -39 17 -71 72 29 -90 -20 -16 -85 39 -58 64 79 65 12 30 -2 -63
32 99 12 26 25 -44 -96 -33 46 -37 -79 -84 -72 -40 -100 -8 1 -76 84 -23 -43 -56 85 -29 25 76 74 28 -16 -40 10 -28 -21 76 -29 -31 34 71 63 -37 31 -46 87 95 93 5 -44 63 -13 -68 -55 -73 -59 -60 -48 55 38 -63 -95 -95 -85 -38 -80 57 -41 -49 -56 43 -56 51 -53 83 54 60 -21 -66 100 37 36 64
-18 10 29 75 -21 -43 -45 48 -91 24 15 -95 -46 6 -73 -60 55 -28 43 -44 -80 73 -12 78 -56 80 1 -100 -71 -91 -80 -39 49 78 -16 1 -28 51 -1 -3 -49 -22 -76 -18 93 81 70 30 96 -6 -64 -5 79 -44 5 -85 91 -86 5 64 78 21 -46 -2 47 49 -44 34 -22 -24 -86 64 94 -60 -78 9 -37 69 67 -40
-39 -75 -56 96 -22 28 53 87 73 97 -44 47 -72 55 52 83 -8 84 -51 -38 2 -63 -23 97 61 -99 11 -40 -59 -80 -8 20 -95 22 87 -55 -36 89 15 30 20 43 20 88 -93 38 58 -31 49 27 -84 73 60 -42 -25 19 61 52 44 19 20 61 11 -15 -87 -54 8 -28 -78 -2 -5 -33 70 -1 -85 55 79 -92 -60 -76
-24 -68 -38 59 3 56 -82 -64 23 -3 49 -80 -21 -12 -32 -78 11 -95 -54 66 93 -30 85 -41 -53 54 -13 -22 46 84 7 -32 95 34 -7 45 70 -21 9 -97 88 54 67 -80 -49 18 23 -20 -74 14 -88 75 -26 79 -46 -21 90 -100 5 18 -21 4 -65 -20 79 51 79 49 -75 86 -34 62 62 -56 -11 34 47 42 82 -67
64 -22 -74 87 83 -22 -29 -82 27 -35 -98 9 -95 51 9 -16 -98 -52 8 34 -29 39 41 -66 -17 60 -38 -79 -83 49 -43 -100 -94 66 -41 48 53 52 -30 -23 38 34 13 -36 37 79 -35 -80 -88 46 -13 77 -25 -31 -95 50 -60 -51 -39 -28 -90 36 -87 75 61 -41 17 -15 -9 91 -42 -50 22 82 -14 85 -6 -32 -75 -50
-100 75 -72 24 31 21 -45 41 36 13 -35 -100 -2 -89 43 -71 -88 80 -46 -4 18 14 -20 83 -38 63 -5 90 -99 -41 -75 -81 28 -5 99 69 -81 28 74 46 30 34 -54 31 -18 -11 -54 -99 64 -41 16 46 -58 22 -2 76 -16 -47 -87 -29 24 74 19 -28 -26 45 -33 75 88 63 78 -83 -16 89 100 -60 47 -1 79 58
-81 -65 -6 29 -74 39 81 61 -41 -42 65 88 -15 -78 -81 21 -5 92 23 -27 -82 -19 -32 -87 0 -82 -67 22 15 22 52 61 -72 49 58 7 -36 62 -16 11 -51 -82 -85 17 5 -14 -70 -61 42 86 -65 60 -56 92 -88 61 -81 64 -34 98 -97 24 -69 -54 -7 -42 -2 81 34 78 40 60 11 78 -97 60 93 -24 10 -63
-30 8 -60 -86 -39 67 -31 -23 26 -41 -82 -7 18 53 45 49 63 -49 21 -64 54 -32 14 -16 -70 -20 -32 -84 65 -97 43 35 37 46 69 -78 -95 -63 76 -63 -53 -90 92 8 65 26 -18 73 -20 -52 -87 -25 74 -61 -15 -33 34 21 0 65 46 14 33 -15 54 44 -94 86 6 18 -10 25 -71 32 -77 45 61 0 3 -27
-45 -19 -85 -81 89 53 -81 42 60 88 -96 -60 75 -33 -9 -9 -37 -52 -53 -70 -44 89 73 -80 -64 24 -60 -99 55 45 -38 -42 -10 -3 -16 -13 -13 71 -30 -10 -22 -34 -26 92 -64 11 78 -77 -69 -52 -14 24 -78 99 85 15 -65 80 11 74 -80 -72 0 -13 -18 27 73 26 -94 85 -75 -49 -93 -40 68 -28 22 -7 -59 -34
