46 45 -33 6 -8 -89 -86 28 10 -20 31 -4 57 -61 -85 -47 -54 81 -68 -92 -24 19 -17 47 -31 57 13 -18 77 -91 20 59 36 86 100 16 58 53 -15 -40 -4 -80 56 -60 6 53 -85 -59 -51 -21 -60 35 -100 65 18 38 -66 57 -39 86 -97 88 -61 2 -7 22 37 -8 41 34 -76 1 85 -61 5 -49 -12 50 56 61 -67 -19 -70 73 80 -56 21 -5 19 8
89 -40 -76 8 98 76 17 78 52 -38 33 -31 42 -85 -81 -42 37 -81 -7 -11 2 -69 -63 -48 -22 -47 -29 40 6 -27 -43 -26 96 91 -29 4 -83 21 -56 89 -13 89 68 24 -5 95 47 -60 12 -85 -39 34 -19 66 71 -77 76 -42 -99 -61 12 59 96 86 24 -37 -35 -87 6 40 -13 84 -1 -43 96 -79 -58 -13 -22 87 -6 -74 -35 62 -76 55 8 93 65 -100
-1 63 -1 1 -30 53 -23 -40 15 67 -29 54 61 -53 -71 -21 62 64 -75 -74 63 61 65 -25 9 -64 66 -80 -79 -38 75 74 64 23 33 -17 -25 54 26 -38 -29 -42 9 -62 -26 55 7 -14 95 -22 49 36 -31 81 35 42 -61 -24 -68 -17 -23 -83 -91 -48 58 9 -32 61 99 -8 -4 -88 64 -59 61 66 -49 -82 30 4 -76 -97 -89 25 -24 80 57 98 -23 -66
20 38 71 13 67 1 -2 14 -96 93 42 -65 -42 -31 9 21 70 -11 13 99 -31 10 45 82 -86 70 56 1 -50 80 44 93 77 -27 34 -95 -95 100 -17 -38 64 -83 28 -95 -64 -19 33 -6 96 79 56 -70 -34 26 13 1 -78 98 14 36 -84 -37 -11 -10 -90 100 -49 -78 88 -92 43 -27 -27 -33 -94 19 -16 36 -56 -90 45 15 43 -2 25 20 11 3 -26 19
29 77 -99 -60 23 30 -1 -37 -6 44 -43 73 -32 -45 -75 -100 -56 -41 -41 -90 66 58 -63 -20 50 33 90 -32 -86 70 -35 69 40 -79 80 82 -100 -22 -97 63 57 90 67 14 57 14 -97 3 57 64 78 -75 15 38 85 -4 60 69 -69 9 -94 34 -58 98 -56 54 8 97 84 -41 83 -54 -54 -23 -61 92 51 49 -55 -39 21 -46 92 -49 -26 -49 -25 -50 80 -33
-73 -8 9 78 71 -32 -49 -52 96 -37 -74 0 -60 14 86 -44 69 -19 -90 70 22 60 -16 35 62 -42 13 92 15 67 -31 13 39 -68 -37 -68 -44 39 -25 -100 -28 -9 -91 72 7 38 -88 97 -72 -55 -22 -36 26 -8 -84 -35 93 6 45 18 86 -89 -4 0 68 52 31 77 100 -23 98 46 43 13 94 65 -22 100 22 -24 -21 55 97 -59 68 32 26 -28 -61 -94
-49 94 -42 -39 -96 29 -10 -7 -27 72 94 63 71 -19 85 -23 -18 -35 97 -17 29 32 90 18 41 28 -44 21 -57 42 -33 33 88 -35 89 99 62 -100 -54 73 -18 -86 73 39 -33 99 91 -39 -97 44 -36 -43 16 -83 31 34 35 56 -72 68 -3 76 -82 73 77 79 -67 -15 86 -76 -13 36 8 79 85 2 -6 53 -43 77 -3 10 22 61 -21 50 -42 88 -44 -26
-34 100 20 4 -85 -12 40 10 -52 -35 67 85 77 -99 -5 -19 4 -50 -26 -89 74 -97 9 -91 -21 -13 40 -18 -67 20 -69 90 73 56 73 -63 40 -56 16 -53 95 66 -100 -58 78 -59 -98 8 -26 -3 -67 -10 0 4 -82 -31 -42 -75 36 88 92 -55 17 36 17 -3 16 -72 -88 -62 2 10 -53 33 97 61 -69 78 -17 10 -56 40 -23 2 40 -47 62 88 -43 45
33 57 -74 30 -97 49 -77 -24 21 -95 91 60 -89 24 -75 36 -64 -77 -31 30 -26 -38 -22 63 59 -95 70 -92 -5 67 51 -49 13 93 -65 -94 91 26 -80 37 -2 -6 -66 -81 -59 17 37 55 -31 -69 39 31 -9 32 -63 34 -79 -52 98 52 10 -87 43 29 -95 -62 80 -29 -91 -75 -1 84 76 -76 -63 -70 18 36 -56 -90 -74 15 -81 -80 -24 18 -47 -5 65 70
-63 69 -65 -7 77 30 22 61 17 -4 31 -34 -100 -58 -48 70 86 -62 -90 -52 -26 64 -54 64 33 63 -73 -11 55 -3 -15 -18 -58 -86 92 -24 -73 -43 -49 30 -57 86 -9 -26 33 -85 -88 9 88 89 57 -50 7 -91 5 -73 25 43 -73 6 -84 -44 96 3 -61 51 78 37 68 1 -55 -12 -5 52 -61 56 16 42 -91 -44 20 79 -19 -77 69 29 -54 38 -100 78
-89 -1 -18 2 -87 14 92 45 43 -31 -64 81 44 14 87 6 -50 -14 -71 32 -91 -70 32 -71 46 80 67 -58 19 -35 53 2 70 68 -6 2 -100 -98 -14 -7 -30 97 -86 -82 -64 11 29 -75 19 -64 -34 41 -69 -28 -62 -86 -28 -65 -82 89 -36 -44 9 56 56 -45 -2 19 -35 -54 -7 -73 -62 51 -78 -92 -52 54 9 -37 -84 -20 -2 -32 -44 -83 2 -23 53 8
37 84 -98 86 -90 -67 -95 -11 50 -28 61 -93 -47 -6 -25 -97 -58 24 -85 -45 57 -39 55 24 -36 -96 -68 81 -93 81 19 61 32 -12 -45 57 -37 -85 86 47 -67 43 -85 -18 -82 -30 44 69 80 -96 -57 52 -46 -48 1 -17 -73 53 -71 -4 100 96 -86 75 -100 -22 37 -54 -83 74 -31 -55 12 -31 -79 16 -42 -45 -32 -100 51 1 71 -10 -53 98 38 -21 70 21
56 3 -13 -53 87 -97 23 90 20 45 -17 -6 -2 16 89 60 52 66 -54 -59 23 -88 -20 -10 -18 46 -5 45 85 -37 88 35 86 7 -60 -97 42 36 -40 83 66 -61 66 76 -2 -13 42 -60 -62 -52 -61 80 -60 -78 -84 -49 -71 87 35 -31 -94 20 -73 86 53 81 -15 44 -65 98 -44 44 -88 57 90 -8 2 -61 56 -67 -21 32 -59 -39 -45 51 93 -29 18 86
-46 11 73 -63 -46 19 43 -14 27 -20 96 46 30 -89 68 -17 13 -76 62 19 -33 -12 87 31 -4 55 -93 -72 -74 1 90 -22 72 -94 56 40 -66 13 20 50 -92 10 -14 40 -86 -43 -15 28 -99 -100 -61 35 24 48 30 17 -26 -8 79 -78 17 61 -83 34 38 3 -96 -40 5 69 90 37 59 19 -9 -70 29 8 63 -16 1 -26 7 -49 -85 -56 55 -59 -98 -62
-76 -23 -24 -90 83 -53 -30 -29 72 9 -41 -23 -3 64 65 62 59 71 -88 81 54 -74 96 -30 84 -4 -51 89 -28 -87 -89 -57 -2 -33 -21 87 -30 24 -69 -21 -97 96 -37 47 27 -90 29 -33 51 17 38 76 1 30 38 98 20 42 -98 -6 -3 11 -41 -54 46 52 95 -64 -74 12 44 -89 -75 -17 -26 -30 21 -95 -69 -37 48 5 34 -88 -43 -17 72 -72 14 -7
-25 -22 -49 -64 -69 94 -76 51 72 80 67 83 -99 -2 14 11 96 -96 -28 98 -36 -26 -37 44 81 -33 41 47 13 -12 80 93 15 60 -47 -16 50 49 93 9 7 -77 -1 15 -39 9 63 17 6 -57 -32 54 -46 -46 -72 34 13 -26 -79 58 36 76 46 16 -93 51 -50 54 -57 79 57 40 -73 -97 -73 6 -77 -100 -4 -3 72 -86 30 8 -86 10 -15 8 -25 -32
37 78 -61 -31 -68 95 79 -47 -55 9 -100 10 0 60 -63 26 5 1 3 -51 3 -20 19 -11 -90 83 48 51 -83 -94 87 35 89 -86 -94 -81 -55 38 -89 86 -23 94 -87 -23 99 53 -55 46 -34 49 74 -5 -84 -55 -94 -88 -99 -29 -36 -15 87 41 -13 -31 38 -79 5 -74 -77 -31 -29 24 71 -87 -51 -19 48 -56 -77 15 43 54 -31 6 13 -91 35 30 43 95
48 -98 81 19 -56 11 74 -93 -87 -16 -89 -69 32 -24 73 14 65 -100 5 3 -14 -88 -19 -20 83 93 52 -93 40 62 69 19 -66 21 -56 27 -16 -57 53 -50 -19 97 42 -100 36 -81 32 -24 -68 89 35 -27 -91 -87 -62 -4 -72 -14 -22 -69 41 12 -92 82 7 -61 -47 -17 -66 -65 -66 -99 -88 65 -52 -20 44 44 -87 -62 38 -83 -61 80 96 58 93 -53 -89 -68
-59 92 -33 28 -33 75 -28 -42 70 73 -94 86 5 -54 92 0 22 71 -36 55 -47 -88 -7 99 67 -77 -88 92 98 62 -3 80 55 60 29 37 -45 87 51 49 56 -47 -13 73 -55 36 -70 30 52 54 57 -58 8 -9 65 92 -30 44 -76 -83 -32 -16 77 44 80 24 -70 28 53 22 -17 81 99 34 13 -56 -23 7 -51 22 -20 26 94 2 69 -48 40 50 38 -13
-68 8 62 21 44 -18 83 25 -94 -30 37 -65 -48 -22 -82 41 91 11 -64 58 55 -80 -67 75 -86 -68 75 -39 -8 50 69 2 -80 9 -59 -69 22 -91 11 -24 95 -90 -37 -55 26 28 -91 68 33 56 85 -25 -60 -28 100 -71 97 34 98 -2 52 -56 38 -66 2 39 -88 -50 1 54 43 -36 -84 31 81 -65 24 42 19 94 -4 -29 99 -23 29 -7 -26 -2 84 92
-11 61 44 -92 81 89 86 -96 -7 57 6 -29 80 58 -74 -94 13 -90 29 -72 75 10 49 70 26 17 -85 -77 95 -19 28 -99 27 -29 8 30 -39 79 -20 31 34 -69 -94 87 5 68 -95 -28 -59 6 -8 71 10 33 -82 63 92 58 -84 75 -83 14 30 -29 79 85 12 60 17 8 4 -88 -32 66 93 -24 70 83 -42 -48 -38 -39 25 -96 90 -9 77 90 75 90
10 49 -28 -52 89 89 83 85 9 48 96 13 69 30 100 77 80 61 79 32 -64 92 -86 -57 35 17 -84 -63 36 5 39 -71 44 -69 50 46 -73 -75 77 67 -97 53 -20 -16 -50 -51 -80 -33 -100 14 51 -68 -42 -79 -40 -57 66 -54 -97 21 88 2 -24 -89 -98 -94 17 1 -43 41 -99 76 -84 -79 -84 25 80 94 -62 -68 74 88 -90 -90 -43 -13 2 48 7 26
-88 -79 -91 -60 32 53 16 35 -38 70 -89 99 -60 2 -75 -93 14 -87 -43 48 45 -84 -66 32 12 -85 2 -23 -50 15 -67 -75 -75 96 33 -5 -97 -68 54 68 -20 14 -14 -38 -76 -76 60 -6 52 29 25 95 -54 31 27 -77 94 -10 -68 -85 -73 -70 -91 -25 -57 -43 89 -30 -51 -48 -12 -44 -74 -41 -40 72 -4 -24 24 98 -11 -99 12 71 50 -41 -13 92 2 54
-34 16 -65 88 -28 51 57 -19 40 3 -33 -21 75 -91 82 -52 -78 9 39 17 -64 -52 36 -98 36 -11 -56 -49 -90 81 -54 -99 70 -33 -61 -80 48 -10 60 -66 -13 17 -4 93 14 23 26 71 94 -23 -45 56 -33 -46 22 87 84 -61 20 31 97 -65 -17 -14 -67 -27 93 -59 12 -41 -100 35 -89 67 87 11 88 -86 -79 -93 -69 61 44 27 8 74 9 12 -57 84
-86 -22 -33 41 28 -77 29 49 -49 -81 84 20 30 92 13 81 -98 -23 95 48 39 48 -23 -4 -80 77 -30 -77 9 -24 -39 -9 74 -2 82 -93 59 -31 83 -67 3 -55 40 -5 53 -75 -29 -18 -99 -9 -46 12 89 93 16 22 -26 -51 -58 -93 70 -43 -78 10 89 72 82 -26 -49 31 -2 -92 77 -88 -37 11 -53 38 77 -92 -32 -78 -84 -79 2 -99 97 -35 69 -55
-96 6 19 -34 -79 84 -47 -9 81 89 -91 22 12 -28 -25 -3 -32 56 7 0 -47 -12 14 8 -44 89 -95 31 21 -32 -69 57 18 87 6 91 -100 27 -58 -4 -71 21 92 -3 72 60 86 59 -18 35 -4 42 -12 39 -68 97 -74 -74 -67 -74 80 47 -86 48 -96 -69 -84 -17 -34 -13 -55 29 38 10 37 78 49 29 98 85 60 8 -45 40 -59 -9 -73 -63 37 -36
-90 66 -55 -89 68 11 -28 75 24 -86 3 -56 -64 24 -8 -3 -78 -43 16 -97 83 -55 -28 -73 -76 79 -26 -64 -46 43 -71 -19 56 -17 -11 12 70 -44 -62 -6 59 30 48 66 -74 -24 -77 75 52 64 -21 -95 -2 -58 48 -92 70 1 8 -80 -82 98 -72 15 -25 -83 49 4 -66 94 -62 2 -36 92 -67 68 -35 -35 -82 36 -61 80 99 27 -38 54 -22 31 45 -92
-7 37 95 -7 48 -95 -10 81 -83 79 -74 17 5 -59 88 93 68 -35 -48 16 22 -64 -58 -43 -87 75 45 55 -62 -37 -48 -66 -85 87 -81 28 -51 88 4 81 -61 60 34 -85 57 -74 77 -56 -36 -23 -62 72 58 35 -70 -100 -46 80 79 94 -78 1 -92 -41 -12 30 98 88 -43 -53 21 -42 35 87 90 -9 78 8 -70 39 15 49 -43 35 -88 -89 -67 45 -66 -91
28 -18 75 -44 79 77 -51 100 50 -94 4 73 57 -38 68 -27 29 72 -22 53 60 90 90 -14 49 -58 -59 -33 -59 29 -43 94 -56 -37 -39 -39 5 -78 10 -89 -37 -27 -85 -81 -66 32 -17 2 -71 -2 -31 -46 -27 -97 -32 -71 -88 37 -96 -67 -7 -85 -95 23 -98 -63 85 -69 64 95 -13 -96 -54 -39 54 54 55 -3 64 -89 57 50 74 50 -60 45 -74 -57 8 46
-37 91 -49 -93 4 68 -98 100 -64 31 82 -97 38 -61 -12 97 -68 -51 -12 -45 -81 -3 9 -36 64 -75 16 0 -73 4 -60 -65 90 -87 39 -21 -75 -5 75 27 -47 -76 -100 33 -24 53 88 56 98 -100 62 48 -54 -73 50 -58 65 35 46 -16 93 4 89 -14 79 28 0 -74 -92 56 30 59 91 82 5 -61 -69 -30 62 -35 11 23 -26 -91 -66 92 64 -74 -36 -3
-99 100 -25 -77 88 -22 -20 36 51 -34 -3 40 98 -35 42 30 68 4 -51 -70 2 19 -53 51 50 -45 78 -92 -92 -95 -73 44 -17 28 36 3 89 -36 68 -94 9 38 10 7 -97 9 64 27 81 -50 -70 72 3 73 82 -52 45 85 79 99 23 77 -13 -83 -38 80 -25 -48 41 34 77 2 -35 67 77 78 -49 37 -49 37 38 32 63 -9 73 97 -83 -7 31 -68
53 66 19 30 -46 -2 -52 87 31 -45 43 21 2 -63 -34 76 24 -17 35 85 18 -38 49 20 -79 83 -43 -68 3 -28 -67 75 -30 -22 -64 -53 -77 -63 69 -75 49 40 18 98 -78 -85 2 72 18 11 37 22 -33 76 -61 21 -63 -37 40 -43 -77 -61 56 68 30 -43 -70 -20 -46 62 96 -82 59 -74 70 56 -41 6 17 -70 -10 -48 -88 49 -86 67 59 64 -66 22
-96 -21 26 57 53 63 84 -37 26 55 -99 45 81 33 84 -57 -40 -73 -33 -68 -9 98 -58 -58 44 -55 18 81 -32 32 -40 6 -48 42 -94 1 -62 -87 -60 95 -21 7 98 0 -89 -94 85 -79 85 4 -66 9 -51 -49 29 -17 -23 36 -4 92 -99 53 55 72 -33 -82 90 91 29 -3 -18 63 38 19 100 -19 -68 -95 -47 -55 56 -26 36 -69 -1 60 -20 -97 -3 -8
-86 46 -58 -88 -52 -12 70 96 -100 -67 40 40 -35 -6 -37 50 14 -43 58 -61 27 -25 -65 -48 -80 -53 -80 43 70 -28 97 -7 -24 -58 -4 -91 19 91 -51 -34 56 8 85 -60 74 -24 100 15 72 65 100 19 37 29 -52 3 38 -29 -36 -41 91 65 -31 -93 -2 93 -79 -73 46 -64 49 -29 30 -97 -29 48 -15 -25 -50 -22 47 -95 -38 -77 -98 97 55 30 7 -41
-38 -31 32 22 -100 -22 -30 3 -23 -52 99 -35 0 -75 6 17 31 -80 25 -67 35 -56 57 -46 19 -31 -77 -22 53 -84 22 7 46 53 -58 -66 90 82 56 -30 -32 85 -100 4 -75 -93 -31 -60 80 -68 72 -89 29 48 -20 77 5 69 44 81 60 -52 75 -81 12 -99 63 48 4 -89 -100 63 -69 79 68 -88 -65 -27 49 -66 13 48 81 -68 -84 76 41 -28 -53 84
45 -37 77 -74 41 35 -41 -38 53 14 16 -13 -7 -15 17 -3 -92 36 -55 -88 10 78 -99 -49 17 -72 87 17 -3 -1 34 -84 -30 -50 -8 -38 2 -48 -54 -48 63 -73 82 -43 -73 -76 -33 60 -47 52 -22 23 -71 42 83 -59 -79 16 66 -95 -65 -84 19 51 43 23 -56 50 76 1 82 14 3 57 -17 5 -74 -44 -94 36 -67 98 69 -25 -51 25 -96 -98 21 82
-26 21 17 82 99 -14 32 5 17 94 -92 43 4 -86 37 86 -59 -78 29 100 -7 -68 26 -9 86 3 -98 -40 4 -61 74 63 -7 -99 80 -59 85 -82 -89 9 -82 -64 14 -58 98 -44 31 18 100 16 63 34 3 -53 18 54 28 21 86 73 62 -7 -15 22 -45 -97 -81 -45 -47 34 37 -9 -49 -37 36 49 -4 -5 34 -28 65 -9 61 89 60 -100 -16 31 77 -56
23 -52 9 -52 -44 -57 29 66 7 25 -53 -92 98 41 -83 75 -63 -26 -48 -12 -77 -83 54 -17 3 59 -95 54 42 -16 -46 85 -9 50 -83 72 -1 90 37 72 100 -34 -2 51 14 30 12 -6 20 82 -6 -44 12 90 1 -51 13 22 84 28 -74 -20 -22 84 91 5 2 14 -72 77 98 -13 -20 -10 59 58 -35 -57 60 -42 -41 -71 45 -18 -93 59 37 75 52 -84
-58 -78 -17 -18 55 -49 -41 74 -73 1 -22 -78 -96 35 -55 71 7 -47 -41 -4 7 46 -99 7 -51 -24 -27 -49 20 -25 91 -46 -66 -96 -61 14 24 42 -61 -37 -63 -57 68 -66 19 -50 -5 -28 -71 -52 -19 2 98 14 16 48 55 50 -33 98 -8 52 -55 -85 55 -82 76 89 35 -51 -41 -5 -65 92 -46 -91 24 -44 -11 -45 42 65 -80 -56 -37 -86 -43 -11 -48 -57
72 -12 -55 -90 11 4 53 -93 6 -92 -90 22 50 26 61 -90 94 -19 -17 -10 50 37 -82 -31 -85 95 15 50 93 -73 -57 -49 38 -15 86 65 1 40 15 82 -93 52 76 -94 14 -31 30 -71 -18 -24 -69 -89 -30 -32 31 -92 -44 6 -98 51 -10 4 24 6 -47 -11 -29 40 -72 37 -31 -96 -47 93 -2 59 -85 81 62 3 -35 20 2 -31 94 98 -20 67 19 74
-99 -66 69 84 74 -36 66 51 -81 -34 76 70 7 26 82 29 -16 47 31 -14 19 37 -37 23 63 30 -12 64 61 -94 -70 46 58 24 -90 -96 -75 -57 47 83 -34 -50 82 11 36 -22 -3 81 87 -48 -12 42 -78 -68 -92 31 -7 -28 -6 -75 63 -93 -6 35 -54 -82 -14 98 97 14 -78 43 -97 69 -73 -92 -97 14 22 -71 -37 -68 55 -81 -82 -96 -63 -30 -64 -70
3 6 -2 72 -29 78 -72 -74 50 -53 -83 -1 69 49 42 -62 56 82 -26 -56 -15 -7 29 93 -52 -39 -8 -41 56 -21 88 -31 -43 -4 -5 -57 -60 17 -84 3 -13 73 5 50 15 77 -12 -83 -24 -72 89 21 -7 90 -53 -28 96 -55 31 82 -16 1 14 77 25 88 -4 -6 29 99 -89 35 86 17 21 -45 46 16 47 46 -81 52 61 80 -49 69 -49 81 87 39
-86 10 26 43 -80 -72 -39 89 51 -38 18 86 94 72 -19 60 -5 -32 -42 -59 77 -64 -66 -36 97 20 90 90 84 32 63 87 -76 -68 -84 83 100 -89 -12 -63 -6 46 -37 57 85 83 25 41 -87 77 69 94 72 -6 69 33 -69 -90 -75 -50 64 -85 61 22 -13 14 60 49 77 -48 -96 47 -39 47 100 49 4 92 -6 2 62 -17 7 88 -54 12 49 -58 -6 15
-7 29 100 92 74 -72 -38 75 -25 -54 -83 -33 78 -73 -81 -44 15 -48 -84 -71 -95 -18 68 79 -96 96 -41 -62 -39 -33 44 23 42 -52 61 -20 11 -56 -91 73 -43 -99 64 48 21 62 -1 -59 -100 62 6 97 92 -20 80 40 66 54 38 98 83 35 18 50 -72 37 55 -61 36 13 -7 29 27 88 -6 -1 -78 -72 74 59 51 22 -84 -8 -80 -66 74 43 -29 -68
6 72 -83 -96 -88 -8 0 35 -75 25 -47 -38 79 96 42 -96 -27 85 80 -15 -67 42 94 38 -65 -29 -33 59 62 24 -23 46 -34 -21 -43 13 32 9 -27 -65 84 -52 29 -12 -53 65 -53 62 49 -5 36 68 98 68 -14 -5 -18 24 82 -76 7 30 76 95 30 66 -50 18 -18 -32 82 97 -97 -30 -94 98 -9 14 1 -41 70 6 28 -87 90 88 30 -48 -19 -21
66 -29 25 6 -21 -45 -9 -70 -57 32 90 30 84 63 -53 41 90 65 5 -42 82 1 75 22 -100 -45 3 30 -37 45 16 -78 -25 26 -47 21 13 -67 56 42 -20 -14 29 -85 96 -58 45 -53 79 -61 -13 75 28 -73 13 -75 29 24 -53 -29 -82 41 -67 -27 0 -78 69 92 14 -46 19 31 -13 -8 -48 -60 14 -79 43 73 -36 -12 83 65 -24 -4 -45 65 -15 63
29 44 0 5 21 -6 42 -67 -8 -80 -81 -75 -57 -11 57 -45 35 -76 50 -74 -92 -65 63 93 -15 72 67 46 20 66 -44 17 62 2 -70 -74 -81 44 28 -89 -4 -58 96 -28 52 -61 -23 -35 86 -45 -76 68 51 48 40 25 12 88 -26 76 -89 -28 8 56 -41 -88 -69 -62 72 -75 -64 -93 -11 74 34 -33 -97 -69 -68 -91 -47 35 7 -1 -30 84 -93 -69 65 37
24 -12 -22 -78 80 11 44 -66 44 27 -91 44 -77 -8 40 50 66 89 94 -45 -38 37 99 67 -62 -13 -16 -46 39 76 89 -81 44 -48 28 -74 -49 -54 95 99 -76 56 -70 -88 -31 -55 -61 -41 -70 -45 26 74 -94 -89 38 85 -85 7 6 64 0 -68 75 -19 30 96 23 24 -4 37 -28 -99 -95 57 -55 -52 -19 -36 -70 -77 75 -54 10 -61 -14 -49 97 92 -68 -65
37 96 -92 -94 -18 47 13 -48 -39 -37 -86 -12 -73 20 -17 -77 -65 53 -92 -87 -87 68 -45 81 47 -50 -99 -92 30 -66 66 19 -56 70 96 -27 18 -23 -99 72 -89 78 -4 -9 0 -36 -34 -45 59 -29 5 24 -47 -23 -29 32 100 -88 100 -9 21 -93 78 37 -1 -15 5 -73 11 -25 8 -78 -44 19 1 18 78 -85 -15 -25 78 37 -1 -14 35 -57 -71 63 -87 -56
55 11 -15 -13 66 25 -11 89 1 64 15 13 -75 38 36 96 -94 35 -96 44 64 92 -70 -93 46 -93 86 88 -54 66 -22 -24 -21 100 -15 57 21 -77 100 97 13 24 -94 76 38 6 82 90 65 61 24 93 28 -20 64 78 22 97 77 26 89 -6 -71 -24 -74 2 -58 44 -27 -6 -83 22 35 56 -10 -63 -31 81 -14 -38 -42 1 56 92 -58 -38 -66 19 -6 95
-78 49 -58 28 -17 54 11 -35 -5 -35 -65 10 -17 -92 -84 -74 80 78 -43 -24 2 64 84 44 -88 -95 -13 35 -4 -35 -75 -74 -10 51 98 60 -48 -86 -73 34 -3 -96 26 64 -68 82 -46 11 51 57 -83 65 -63 -97 45 2 89 93 6 1 -5 67 -74 99 -29 -55 -39 -73 -99 67 -53 20 -11 62 11 -25 -11 -17 -30 82 -99 81 24 -43 -72 -78 -13 69 7 60
-64 13 2 -9 52 12 -68 -48 -72 98 -26 90 -80 -12 -65 75 -8 80 76 9 7 -12 24 -42 -79 -73 -58 71 34 85 -75 -7 -40 11 80 -93 11 -32 10 -3 73 75 13 -62 -17 -65 -39 -67 76 60 -52 23 -43 -6 -91 98 78 -15 33 88 -49 -57 38 -45 48 -24 -46 43 67 26 -60 77 -29 -89 -100 58 58 45 85 8 -93 6 -28 -57 -12 62 -44 87 -74 42
-83 91 2 -43 37 -96 29 13 -86 85 -23 94 -64 89 -5 -83 80 20 2 -22 22 76 71 -69 36 7 -53 -95 87 -5 26 -20 7 0 -32 27 -23 24 48 7 45 15 -22 5 -72 -81 -91 -64 36 36 9 6 68 18 13 1 -17 32 -56 75 46 -95 17 -54 -46 27 48 -37 -30 -21 -95 23 -45 -100 -72 51 -91 84 -49 -70 93 -57 -67 -36 -71 -82 62 1 98 72
-8 -63 -9 -12 23 59 -40 79 -12 -96 -6 -36 74 59 -84 -24 99 15 22 71 54 3 56 -74 93 -56 100 62 61 52 -76 5 15 -64 77 -80 -45 -73 -34 -6 19 14 -99 85 -47 41 -67 30 -41 30 -60 51 67 -66 -40 54 -96 68 60 -21 -36 -63 45 8 -32 -25 36 -76 3 99 -100 -8 -54 -27 -19 -38 9 -96 91 -65 49 -100 59 94 -60 27 -71 -52 -62 -36
-100 -89 -8 64 -53 10 -63 -51 -67 22 -94 -26 -59 33 36 -57 48 -28 72 80 96 37 -44 -81 -65 -69 70 53 82 20 -77 -11 50 -81 49 -73 -64 16 -86 16 -19 49 9 90 -70 97 36 -90 24 -41 84 -37 -39 55 -59 -3 -66 78 12 57 66 8 49 -66 22 -41 1 -100 -76 51 26 10 -5 97 -87 68 69 -95 -14 25 -16 -32 -64 -83 -32 -73 74 71 -51 -67
20 100 -41 -4 88 97 -64 -6 6 68 -70 62 22 9 -76 39 84 -24 11 65 12 35 -88 80 -33 9 -1 -92 25 -74 42 87 -79 -95 -74 -28 39 -45 83 9 -57 53 -31 -34 -19 -53 45 -60 -50 83 37 -81 2 91 -94 -75 78 -56 -90 -19 88 -61 12 7 -24 -35 1 42 -35 -53 0 74 -63 64 87 -83 36 86 86 33 -1 1 -22 -66 -86 60 85 18 27 42
-73 67 -85 -71 1 -12 -63 12 -49 -28 -71 8 -99 -35 97 71 76 -16 34 64 22 2 -48 11 42 59 -24 60 -74 70 -34 100 85 36 72 -74 92 -6 -89 -28 -14 95 62 69 -19 -58 -10 34 -25 -89 39 -39 -2 -39 -67 7 50 84 -56 -95 -66 93 45 -17 64 -29 12 80 13 6 -83 -69 -1 14 40 -57 58 -83 92 -26 -88 14 -54 10 -39 -55 -65 71 -48 47
66 52 -70 -57 27 -38 -10 -65 -9 58 -20 -22 -16 -87 80 -17 -19 52 -10 -68 17 10 38 -26 -66 77 95 -40 92 -47 -21 -26 -58 -76 -95 30 -57 56 43 24 91 5 55 -87 -95 -6 -78 -16 -84 -51 78 72 45 61 48 5 6 -38 -50 16 28 -34 81 48 1 87 -54 -84 5 -5 93 -37 45 62 38 53 -38 -13 32 -41 79 -14 -14 16 -47 -11 62 -42 -28 13
47 -31 -8 -99 39 -51 46 -3 -96 60 -7 -36 -23 -29 -92 94 -31 82 -54 -56 -42 16 -47 51 -51 52 65 -41 -25 69 10 17 23 -33 16 95 -35 72 12 16 -21 -52 -15 29 36 56 -20 -23 36 9 98 88 63 59 -12 71 65 12 -59 -2 -16 3 -16 -6 0 12 35 -74 -87 32 -71 -100 62 -4 34 62 51 19 -48 -47 -40 91 -100 -94 -76 -30 -14 29 -40 30
81 -9 -44 44 24 -58 -91 -85 89 -16 42 -75 99 78 53 86 69 -44 -15 84 -41 19 -49 10 14 30 -35 -45 -28 -44 23 -83 -10 47 -17 -54 58 -41 70 23 -59 18 -18 -16 65 13 -79 -64 -6 -18 79 0 89 -78 -44 -33 49 73 -54 -61 12 -60 24 6 40 55 -84 -74 -35 99 78 -48 96 -14 -58 52 -1 90 63 11 33 -34 20 88 -12 -55 33 -96 25 64
14 13 -94 -30 -22 49 -35 -52 -5 21 43 18 -62 -5 75 -87 -14 -39 16 -44 83 -85 24 -69 -39 -15 80 -69 2 -6 73 -85 23 99 80 -11 78 -71 -41 -53 81 -13 28 47 -6 18 98 -78 79 -47 7 -62 66 -55 -30 -41 76 20 -3 -65 97 -65 34 73 -41 -95 -47 48 -30 55 74 26 -95 -4 -3 73 14 18 -45 -16 76 -83 -38 -25 79 -87 5 52 1 -47
49 76 4 -46 4 29 95 25 29 -12 3 56 61 60 -96 6 -40 93 91 -57 -82 32 86 -13 71 36 -36 -69 47 16 -10 -29 51 86 -40 88 -3 41 -44 -50 20 -13 -91 27 -94 -53 3 41 97 -29 19 -9 -59 -42 35 -61 87 -17 -35 22 -13 -98 67 56 -1 40 18 -1 -64 -73 87 69 89 -49 35 91 34 90 -86 70 -90 -60 29 -82 -36 7 28 -22 92 -91
-88 14 -49 62 98 42 88 -72 25 99 82 -45 88 41 -74 63 -87 -40 3 40 31 -58 -14 11 -3 -3 -77 72 -21 81 -25 18 21 -14 20 -76 0 -99 -49 -87 67 22 60 15 -68 60 9 -75 29 -36 94 -41 -93 2 -42 -50 -63 24 87 -90 -78 -79 93 -77 41 -46 48 -76 -62 54 -36 95 89 -43 -51 5 78 -93 -95 -29 -27 -58 -64 56 -45 -53 -19 -6 -92 -67
-92 37 58 29 -80 60 22 0 -2 -58 79 -35 -80 27 46 10 23 -28 -31 31 -23 -57 -53 -15 16 -32 16 -58 -14 71 -3 -93 -35 21 -66 80 6 93 67 19 16 -6 21 69 51 63 -55 11 35 77 -52 -72 -53 97 -98 -99 -82 -10 -76 -13 14 -52 79 -96 39 84 14 -79 -60 -50 48 -74 92 76 24 -45 -13 -94 0 -4 44 -75 -44 -97 76 -65 18 30 -79 -88
77 -32 13 -22 56 -57 62 -6 -6 60 48 -34 4 89 -63 52 78 -96 95 -71 -98 1 46 89 9 53 91 11 -31 94 -37 8 -24 -39 -36 -53 -24 39 20 -73 -21 -21 -74 -62 -54 43 -89 63 -27 -76 36 -71 -54 -15 55 52 -99 6 -37 87 -47 -17 37 23 38 15 -63 -25 20 -34 -28 -68 -82 12 -65 -48 -17 -85 16 -80 15 -91 43 -53 -49 96 9 -76 -6 -12
99 -22 74 -57 76 64 79 -48 -25 -57 -12 27 -28 -85 -75 -56 -31 45 78 71 96 53 -97 -37 12 -37 -93 -32 -70 -92 -74 81 13 79 -73 72 40 12 12 52 -58 62 86 -57 50 43 -56 -99 83 -22 46 -7 -27 -25 -8 -87 -3 -52 4 -100 -13 16 87 17 22 -3 70 49 -47 44 21 96 -56 82 10 27 -11 25 6 -32 9 93 43 -43 73 -89 13 37 60 31
-94 -47 69 25 12 -36 30 -93 -16 31 -51 15 41 43 -9 65 79 -5 38 -35 94 -8 6 -94 -35 23 -68 -56 52 -43 56 85 -66 -70 -29 36 25 33 57 100 64 -95 -27 97 100 41 -43 84 57 18 13 28 -63 -82 89 -58 -3 72 -39 -28 94 -30 61 49 -6 50 27 -44 79 7 -23 -76 44 100 57 53 -48 50 -36 -90 29 -95 64 -35 67 -86 -11 -38 -55 57
-89 -96 23 -96 -34 -29 49 -54 -99 -22 -74 -45 45 -59 57 -9 97 15 -64 -89 62 -88 -46 54 10 0 14 -69 -49 8 -77 -70 -51 11 -30 -20 -80 -30 -3 -92 65 24 -17 -89 38 51 30 -64 -45 19 35 -60 45 -17 -90 -81 -8 -92 25 15 -99 96 -37 14 -27 -18 -84 -20 -16 68 59 52 -53 63 88 13 -60 39 57 -47 87 -89 56 26 8 -39 -88 48 80 43
46 12 3 -24 -44 -53 32 57 -2 -43 60 93 86 66 24 -14 -88 72 -18 -43 -49 -49 -91 52 91 9 -63 -34 -17 -62 47 -17 91 5 42 -44 -17 -68 47 95 -49 -32 -100 -32 -36 -22 3 -98 -67 30 -30 41 -96 5 12 75 24 -49 -94 76 98 12 56 -15 -43 -55 -33 -30 61 29 -34 34 31 81 12 -83 1 99 22 32 -63 61 -31 73 11 -14 59 -90 41 69
53 -95 -44 -88 36 -56 -27 -89 75 -70 57 31 -64 -31 -51 59 -99 21 -18 21 -16 -68 65 41 -88 82 82 59 -12 12 -80 23 70 -53 -76 -12 29 -77 -74 70 -82 28 82 -79 -36 9 74 -38 61 -7 16 -48 -96 22 72 3 55 -25 -12 22 -74 -95 34 29 59 -9 -48 -46 -93 89 71 -9 80 76 -7 65 -24 56 -20 -31 -17 -29 10 42 -55 15 97 39 -60 -36
67 -84 -9 -89 -11 98 8 -91 -48 6 -63 -92 39 18 25 -12 -43 -100 37 76 -57 -38 -67 -3 34 -91 58 38 34 -53 88 54 41 26 77 82 61 9 -80 75 52 -57 0 10 -83 14 30 -57 -45 44 69 83 -57 50 -14 -28 9 -75 98 -75 -62 -47 36 56 100 -53 -83 60 -40 8 -19 36 6 -88 31 -85 -17 -95 -97 13 -65 25 -79 28 -44 -47 -35 54 -82 -11
-17 6 -97 -31 -12 -85 4 -41 35 25 89 26 13 29 -98 -79 -17 -70 73 -67 -68 88 -15 87 26 -81 -59 58 17 -70 21 -14 45 -11 -68 -66 -44 -94 -47 -70 33 -93 -92 -84 -32 -23 84 53 83 -52 43 -39 95 93 -23 18 -30 -28 -50 11 93 85 -86 17 90 -10 70 -23 -45 60 -4 -50 73 89 50 -99 58 74 -12 -22 100 -50 -85 91 81 53 -83 -15 -76 25
80 54 43 94 96 -75 81 -5 61 87 -83 -67 78 22 -16 4 22 12 29 46 -1 -49 95 -6 2 25 85 44 65 -40 47 9 -20 -78 -63 -67 85 56 -2 69 -54 42 28 44 -37 -82 -75 47 -26 -61 -68 -80 -80 -42 21 -72 67 -98 18 100 -39 -95 22 40 -27 84 -84 -23 50 -88 58 -76 -87 89 66 57 -10 34 -22 29 -12 64 61 -1 -97 -98 33 -43 -74 80
-45 -86 -62 89 -68 9 93 -60 -15 47 -30 3 77 -75 39 88 31 -73 18 -33 26 3 36 81 30 -96 -25 31 64 -27 2 89 98 19 -69 85 -15 81 78 93 -48 94 28 -8 65 75 -65 2 5 1 34 13 23 -61 -25 -13 -46 -49 -49 -31 43 83 54 -46 -26 -71 -68 14 2 27 9 -32 -22 21 19 -40 74 40 -47 -70 98 5 -41 80 -72 -48 27 -91 76 96
-37 31 -24 27 -42 18 -51 -68 -18 -95 -38 -70 -2 21 -54 56 -20 16 22 -84 85 4 -98 -53 -33 60 -3 93 -27 21 87 74 -83 71 21 46 -37 -23 94 -77 -51 -2 22 -66 -3 -39 -77 -98 -19 59 97 88 83 -89 -16 -47 67 -2 19 -50 46 -29 55 40 48 89 -89 -53 -94 -89 12 -47 -24 5 -2 -91 -38 -27 -12 0 90 96 87 35 -64 -80 -66 -18 9 -21
-92 -81 84 -54 -21 -80 -99 24 98 57 -21 -15 94 -10 -43 -78 -84 -69 98 -5 90 -16 29 -31 -76 -72 65 -86 93 41 -84 1 -76 70 -58 -75 -28 63 73 92 -15 49 -42 23 -92 9 -80 52 23 -52 -14 -32 10 0 -36 -5 -1 -13 46 12 69 2 48 -69 54 -97 -83 -9 -75 -82 14 -89 73 -78 95 -53 80 -47 3 -82 -19 -9 87 7 69 -27 70 -7 -6 -31
45 -91 -50 47 -11 -80 -53 -76 -23 85 69 72 74 -18 62 -81 -40 11 -99 32 -41 96 26 -64 82 34 36 19 4 -93 51 86 -91 -57 53 -84 34 29 96 91 -26 -11 -88 19 -34 -5 56 61 -96 28 35 4 79 -14 12 15 -9 -48 17 39 65 74 -94 88 -5 92 -17 -17 97 -5 -84 -99 96 -50 -95 95 -61 -76 8 -64 81 -54 -57 -68 -57 61 -91 45 68 64
38 -60 34 -1 25 -73 13 -40 42 -25 16 -76 -12 11 -97 55 -87 -33 -4 -48 73 -21 -1 62 8 -86 -31 -86 -18 59 63 4 61 80 -78 -87 -68 33 52 70 -100 52 53 57 71 -35 -51 39 -84 39 -84 -28 5 20 67 11 -92 65 -29 7 -76 -55 48 62 -69 22 7 32 52 -6 25 23 30 50 37 -14 37 54 -7 33 88 34 4 8 99 -46 -53 84 -91 16
-57 22 -35 90 58 -88 -98 3 -94 83 59 -56 -47 52 -33 -62 43 -66 -79 -62 -20 -49 -35 -83 -61 -5 -97 -5 17 -29 11 12 60 43 35 41 -64 -28 -38 58 -40 64 -99 92 -64 46 29 22 -47 52 97 89 8 -48 68 70 -51 73 71 -48 -89 52 -40 28 26 45 79 -26 18 0 6 96 4 -7 -49 -80 15 19 55 100 87 -63 57 -6 -100 -87 42 41 17 -86
-33 -21 -44 7 -31 -86 27 -1 81 -90 -19 -10 -94 54 -64 -46 2 94 10 -93 -70 -65 6 -36 -81 -55 -17 -89 15 -100 -94 70 -44 19 -28 12 -10 -83 -64 50 30 18 -24 -100 -96 89 -29 -62 56 74 86 92 49 -93 87 88 60 -95 13 42 72 -83 33 91 18 -74 57 -47 -19 -97 79 -11 -39 29 93 -12 81 70 -51 25 -32 72 -69 89 68 -83 46 80 -97 -13
62 81 34 -86 50 -62 -44 -57 89 73 100 -80 67 -18 -6 -22 -96 -80 91 -52 -73 -80 -75 50 -23 94 32 88 90 69 -25 24 -14 -86 89 -30 100 -21 -71 91 -66 24 -35 -29 99 -35 17 29 17 -61 1 100 24 98 -50 48 67 -9 -63 28 21 -84 99 -8 40 38 -90 100 48 -41 -62 81 91 20 49 -15 -26 -86 50 -95 -78 -19 71 -56 -82 -39 1 -93 1 -68
51 -24 -79 -15 83 55 11 51 -64 -86 -6 91 -51 21 -46 -94 41 -15 2 -86 88 24 -13 38 26 -95 70 -99 91 9 -17 -10 -22 -90 48 27 -47 18 -22 94 -55 -8 23 -85 7 52 -6 60 63 -83 2 36 -41 22 -96 8 58 -81 -81 -7 12 -93 29 -26 45 41 -50 -87 -100 -4 -15 -82 15 97 -5 -7 -73 77 -60 100 65 66 -97 28 -89 83 -78 6 60 14
14 63 -49 -5 96 -24 -50 96 15 -92 -31 -94 -76 54 -66 -24 90 56 47 29 -87 98 3 78 -31 -73 41 58 -77 86 -20 100 -93 69 64 78 -50 35 45 88 -61 -13 -58 17 -32 -29 99 86 4 41 -14 -48 88 -91 49 -36 43 19 9 35 -66 -8 -7 65 -41 68 -28 -57 84 -83 44 85 93 -79 81 62 46 7 -66 -34 1 63 -29 15 90 -49 7 96 -74 -57
73 -12 -56 -46 32 -15 -77 76 -33 77 -68 -14 -86 67 39 -48 5 51 -2 86 -69 32 -31 -53 -61 -6 -48 -43 38 6 -55 -41 27 -23 -58 54 -20 -88 -35 -41 93 -57 -55 57 -42 -23 -11 46 -27 17 63 21 -79 33 -26 10 -81 -3 47 -88 78 -32 -60 -5 -81 78 -52 96 -86 37 28 17 31 10 -90 80 46 15 42 -36 43 -44 -42 -17 87 -70 -85 84 -43 94
-32 -76 -71 82 -83 19 -65 82 -78 81 53 -73 -58 20 74 2 -72 -65 -21 -100 20 97 14 -23 -11 -46 89 -65 58 -56 -90 -38 22 77 18 78 -15 84 -26 -37 -48 -26 51 -70 52 -63 16 65 94 17 31 82 95 47 -91 88 3 -39 -65 -9 -10 -13 -96 -71 -22 -38 -69 -74 73 -57 -85 17 -61 50 9 -32 0 36 19 -100 62 -36 89 92 -32 -96 -59 18 12 49
59 79 64 94 8 -32 71 -89 -91 83 77 -83 -7 19 49 -36 -39 -39 -44 30 -53 39 -91 36 -9 32 -38 -82 59 -25 64 -33 -52 -71 39 -40 -78 -23 -12 -42 19 32 -16 75 -27 30 86 7 -2 -27 -83 -33 36 -12 -56 5 86 9 -11 24 53 -8 39 93 -63 89 -3 21 76 54 46 -51 12 56 -93 -59 -24 99 -37 -20 -75 -11 62 44 -6 3 44 59 49 41
-54 23 -76 -87 45 -89 -9 59 -7 28 70 -53 -98 -90 -23 -98 36 -65 -19 -34 -74 42 -19 -73 -31 16 98 27 -79 -20 -83 41 97 -93 -37 -6 -93 7 -35 -98 29 26 92 87 4 26 69 23 11 -3 21 12 13 -19 -52 62 58 -7 80 83 33 99 -49 -17 -70 -23 -70 -20 83 -8 -52 94 88 48 -86 30 -3 60 -68 37 45 29 40 40 -44 -35 -63 37 8 44
60 -90 83 21 94 89 -28 -95 -75 -59 -31 -22 58 93 -19 80 -81 -67 -87 -27 14 -20 18 -13 22 0 -100 -73 49 -77 -31 -8 -83 -37 -30 -27 -5 -25 -77 34 32 -85 29 13 44 41 -64 9 -19 -49 -61 -62 -8 91 -84 -47 -51 -54 -14 -67 -20 57 36 58 8 -34 -29 -95 10 100 -29 60 62 97 62 88 -29 43 74 41 -77 -56 -51 -63 -64 85 -51 10 -19 -90
-24 -36 20 -33 53 34 -86 -21 -66 -60 90 -94 -5 -33 -14 78 -1 -29 -55 -55 -75 94 -57 97 88 9 -53 -86 -60 6 60 -43 -50 -89 -38 69 -16 58 8 -11 51 -98 0 69 47 -96 -71 -4 -60 14 39 37 -28 91 5 -67 -29 -24 -12 -40 -67 -44 -2 -91 -72 -77 -32 22 -29 -13 -23 56 66 58 -37 -7 45 -56 -40 -89 -83 -8 -81 34 -16 -43 -21 -71 75 8
94 90 72 -57 81 -20 6 -1 -1 -41 -26 -32 -88 -11 79 2 -58 -96 -16 14 92 -4 97 -1 3 69 54 81 -12 7 59 -10 -22 29 57 -83 27 -7 -47 -67 39 18 -3 -78 -31 96 -65 -100 23 -14 -74 -43 -54 33 40 1 68 83 -73 -64 37 92 -72 42 12 -59 -77 83 97 -41 -1 -48 -48 -3 23 -7 74 85 -92 -52 -29 12 -98 -70 34 30 -67 -82 -31 -74
