96 1 76 -49 54 82 23 52 -32 -53 -77 47 56 33 31 -19 18 53 -73 -49 27 -29 -17 8 49 65 -42 10 -84 -84 -87 98 -3 9 -17 56 -28 -100 -31 -84 -31 -68 -19 47 -44 -22 75 -9 -4 -1 37 33 -46 -13 -1 27 -75 -93 12 -41 7 -80 28 -29 -44 95 34 7 59 70 47 52 -67 -84 -19 63 25 -64 -33 -32 46 -74 55 59 -64 78 -37 48 13 -73 76 -92 25 -67 -28 -93 72 50 -39 56
64 -77 -14 91 90 46 47 -50 59 51 51 -17 -29 42 42 76 94 -20 89 -24 12 92 -91 82 -78 41 48 -80 25 21 72 94 -77 -56 -39 -46 92 -96 47 92 18 -78 -42 80 -25 30 -2 -34 -76 -48 -89 -74 -81 38 3 -49 88 -89 -95 -89 -76 88 -63 85 -2 97 -62 -7 72 69 43 22 73 -4 71 -67 89 82 -84 44 -19 -76 -74 74 41 -39 66 -84 32 -55 -69 30 -30 19 -55 -41 -86 -49 81 19
19 90 -18 39 31 -9 82 0 0 67 -20 -94 71 95 22 100 -18 98 -64 -63 57 34 36 7 -76 71 43 -27 19 69 -82 53 -78 37 50 -49 26 49 12 -51 -12 84 -97 -47 42 37 -16 64 15 38 40 79 -71 -19 -9 -76 -38 11 -98 -38 -59 61 99 -17 78 84 -8 -43 -58 -53 22 -75 -89 -65 -10 15 -80 40 -2 84 2 -3 5 21 78 -26 -16 56 -61 -29 -84 -70 42 -51 -77 82 -70 -53 99 -31
96 -56 79 -2 2 34 13 -24 -42 -38 17 -1 21 84 72 100 67 -53 28 -3 -25 55 -82 97 8 39 24 -24 71 20 98 -79 -56 66 -82 -53 -57 8 -62 9 2 16 -79 24 -91 -95 22 78 65 94 44 33 28 -23 62 58 82 39 -68 53 -70 80 -21 23 37 76 87 45 -36 -86 -5 -66 51 -22 -79 36 67 17 11 18 -73 -68 40 -1 -77 22 82 40 -92 41 22 100 -1 -38 86 -3 -41 -62 -93 65
7 -61 -91 -46 79 -3 62 41 69 -62 -49 -85 -92 -80 18 35 46 74 -80 -70 16 -10 -3 97 79 -53 -9 94 39 -45 -42 3 -83 24 -55 -26 -66 -48 -86 63 -52 53 83 81 -73 79 -18 67 47 7 -79 42 100 71 35 84 72 -25 -99 22 -9 -83 14 49 62 -75 78 8 -93 -99 -5 -88 -75 -23 7 -46 -34 96 35 20 -83 -36 7 0 3 -83 -39 18 67 74 -63 -38 60 -86 42 -11 -83 65 -56 66
-1 -51 58 -61 82 29 64 -71 -2 78 72 -56 -59 -88 39 9 -51 -90 -58 100 -72 -59 -34 80 -4 -69 -30 -77 40 55 -87 -27 82 -48 -100 -65 53 -42 96 -23 -93 -31 -58 -100 -27 -72 26 98 65 82 28 -68 -11 25 87 56 -50 -25 17 -61 82 11 -29 -88 -77 -61 32 -20 -2 -100 -64 -38 -29 -84 -17 -41 -81 -68 82 -76 -12 11 -10 -8 -48 23 49 -7 -59 47 -57 -32 20 96 -59 53 57 -55 67 -15
57 -98 51 -7 69 -23 -95 -31 -11 68 -91 97 -72 -12 -81 70 99 -99 -97 -64 -13 31 -4 40 16 -18 -69 -2 -43 -82 3 8 -48 86 -91 -42 -48 97 43 23 -42 3 93 -42 59 27 12 0 -92 -72 10 -86 -83 -2 -83 -79 -82 96 -89 10 87 -69 77 -76 23 -20 -100 -22 -56 -76 -70 -39 -56 0 -40 -88 -66 -27 27 4 23 -55 1 -18 -37 -98 79 -89 -6 86 -43 9 96 -5 -2 -32 -36 -50 37 54
0 62 -51 62 38 76 -21 -58 -65 68 -84 92 -27 58 -42 -30 62 -4 -64 64 -68 5 -8 -28 -97 -1 -99 -37 90 79 76 -85 66 -48 25 -31 -70 -59 71 42 62 -83 8 69 56 16 68 7 -27 -98 -76 76 91 5 24 -4 47 46 48 -33 -88 59 -33 45 47 47 74 -32 2 -15 -16 21 -40 36 -53 89 -10 97 48 8 39 -5 -87 99 -88 56 92 -12 65 -18 -45 27 45 86 74 47 -70 87 -49 20
-34 -35 25 86 -54 55 -90 -97 -97 -17 -13 41 -65 -12 -40 29 -68 38 -91 -54 -65 -7 78 -1 60 -47 53 57 -53 -16 -72 -98 -60 -62 12 91 -100 -92 44 18 -21 -84 62 -96 67 34 16 -29 -65 -77 28 6 4 95 -16 -59 86 100 45 -90 59 99 72 78 61 55 2 36 -11 -9 1 67 78 -98 -38 79 90 -63 3 -21 -78 13 17 -30 43 -43 -49 33 -68 88 81 -64 33 -66 6 25 40 79 60 -23
-39 0 -2 -41 55 25 -35 -66 -96 20 52 -2 48 -93 -46 -11 -75 -21 -4 80 62 -64 22 -87 22 86 53 43 -100 -5 -72 13 62 21 93 32 -60 47 12 15 -35 -40 68 -91 -17 -44 -30 -8 -70 -73 -24 30 -94 -93 -93 -68 -19 11 78 -60 98 -71 76 11 -1 -18 36 78 98 12 37 -85 -59 97 85 -67 -37 -21 2 44 55 24 -70 78 -89 78 -63 72 3 100 9 85 -3 19 54 -85 33 -66 -25 51
12 -36 77 81 28 -55 -54 -46 56 -90 61 -70 -96 39 8 -64 83 23 45 100 -4 23 24 52 -43 -76 -40 43 58 -89 43 -90 -30 83 60 77 -67 -29 34 -87 -68 -29 81 -30 -39 -82 -6 5 -37 -45 -13 92 -96 -48 22 79 -47 44 -44 -100 71 47 -86 -55 50 63 10 12 66 59 -35 84 85 50 -96 -19 91 100 82 64 62 -15 -46 -83 -19 -28 10 -20 12 32 80 7 -74 52 -43 42 13 58 -22 69
-52 17 97 86 3 50 -50 99 9 -18 -85 -30 9 -75 -30 56 33 -68 0 77 22 -82 -83 -4 -73 -76 36 59 23 -82 83 -96 -45 98 25 32 -82 -78 -40 12 -75 72 72 48 -33 -63 2 -71 51 44 40 -84 -8 70 42 -91 -90 -3 96 -76 -18 -30 35 100 -62 15 -20 -11 -90 -15 -64 -89 -43 4 95 63 62 -37 -32 70 27 -32 14 58 38 83 -55 97 17 -80 -56 74 -12 36 -98 73 65 -49 -95 25
-28 -59 -73 -17 -84 48 51 18 69 56 -62 0 -25 88 -42 -3 19 -10 -49 29 88 -1 -75 -65 -36 64 -14 -96 -81 -93 95 -16 -34 -87 -90 75 -4 -86 -95 29 -17 65 -7 -74 4 -95 94 24 -39 6 -42 -59 89 58 -30 -11 -52 42 -19 -63 62 -41 -93 24 26 37 62 1 78 50 -94 21 23 -58 36 39 -76 -48 -14 -90 59 -35 66 -31 -11 50 -55 -6 77 65 6 -5 59 -76 -100 11 -55 63 74 -7
-80 44 -95 8 17 -73 5 -17 -16 39 -39 49 -12 -39 -83 -83 8 36 0 -79 26 -83 34 -76 -74 -18 -90 78 43 35 -63 43 -74 74 86 -79 42 12 57 -37 -2 -10 -15 88 93 -28 37 -74 -85 -9 81 23 -18 -23 -75 26 57 22 -83 62 -3 -35 40 -5 79 -79 96 -75 -35 26 33 45 -34 32 -8 97 43 -52 -99 7 33 -72 -61 -36 -71 14 -26 87 -15 -90 -58 -50 16 74 -76 -12 12 70 -50 5
-60 56 -10 -29 70 81 -53 64 19 89 -91 7 76 71 15 -55 -33 -16 73 -4 -12 83 4 19 -15 99 -46 92 -37 60 66 -57 -79 -5 -70 -70 -15 70 -42 -40 47 87 13 44 -35 -10 -93 -27 -47 -49 -30 19 -67 -73 81 82 26 69 44 -66 -63 80 -11 85 -2 5 -69 93 97 -20 79 18 -19 -36 93 36 47 -12 -38 -33 -75 -62 -72 -17 -65 18 -55 41 22 -44 -65 -69 40 54 77 -45 12 -90 28 100
-90 63 95 -84 -9 -65 -46 -71 33 -52 -66 8 85 -96 98 -27 54 -67 -29 12 91 72 71 -71 46 -32 -42 -10 0 -13 -61 71 94 -61 25 -15 41 -84 -37 91 -93 96 32 -24 84 37 0 -77 66 -63 69 19 -99 82 44 67 89 -89 -64 82 25 65 27 45 65 88 82 -70 -86 22 81 52 -77 -71 54 9 12 -65 26 57 -9 81 -31 45 -19 95 72 -79 69 74 -6 -96 91 -13 1 -33 87 -96 46 -90
48 23 -93 -85 -49 -93 31 46 84 -81 9 24 87 -98 -81 26 29 77 -21 12 85 -98 -80 82 -47 74 81 -4 -50 69 66 41 -69 89 -16 -53 -64 -23 5 -96 6 -21 97 -75 -100 -8 31 54 -82 -99 42 19 -63 51 100 45 17 -9 -76 -17 -55 -95 -71 11 55 -10 -64 0 -38 -96 36 49 74 90 31 -21 -72 18 95 70 -52 42 27 -61 -23 96 -22 -91 25 -72 51 77 -83 -58 -68 58 100 -8 30 -64
-81 -89 24 -35 -20 -59 -98 -70 -9 55 41 55 76 -89 71 0 97 -28 85 -70 -54 58 35 53 36 30 -96 13 87 -14 -83 43 -46 65 6 63 1 -78 25 -87 -93 -15 -26 10 9 59 -15 5 -73 26 -23 -67 -44 -85 -55 -44 47 74 24 -44 -29 66 68 -47 -64 55 -75 -63 2 51 -38 -17 -33 77 4 -3 -10 9 93 93 49 -2 90 -17 69 22 -6 -80 22 7 62 47 79 -88 27 13 -60 32 87 -98
-72 -99 20 -67 -25 -7 -19 23 -42 -82 -78 -93 42 -95 -83 32 -46 78 24 -11 49 52 -65 -22 -41 -70 44 -71 -53 -29 13 -46 -37 74 81 -12 -16 89 -56 71 -89 -100 28 -49 -2 -22 94 26 -45 -15 24 14 91 -94 -2 38 -53 -2 -76 -47 -98 -21 -30 82 -45 -39 -47 83 -86 25 -84 53 42 79 76 54 51 -13 65 42 76 94 15 -55 9 26 -4 -11 -69 -50 -4 49 34 -95 50 29 -58 75 -1 2
-59 -32 61 -48 -35 90 51 11 89 68 -80 77 -16 19 51 77 -71 -62 -36 57 24 -71 79 100 6 -76 41 69 52 -50 -29 57 5 -14 47 -6 39 -50 17 -91 23 -12 68 -69 -95 66 35 -11 -34 -28 57 -88 77 -11 -68 -71 73 -11 -64 50 22 11 82 86 -88 93 14 8 -62 -67 -56 -49 76 -56 24 36 -8 -70 14 -22 19 -31 -27 96 64 -29 35 -99 -9 34 -14 21 9 10 -50 75 68 -4 -29 95
8 -78 92 -29 -94 -79 -18 -35 51 -51 -49 48 85 67 19 -16 10 93 -80 -53 -63 60 -22 -30 -23 95 41 66 23 91 -57 -9 -40 -43 -75 63 72 -29 47 32 1 -28 7 -69 38 57 48 -13 -22 -20 -9 80 -82 99 -72 -61 76 10 82 37 -17 63 -99 7 -26 -67 39 -32 -94 -3 77 36 -34 -7 39 -18 -44 -7 -23 28 72 -31 -41 50 67 -31 -36 86 -68 38 4 22 20 -33 92 -100 1 -23 99 59
31 -88 66 3 -67 -53 58 97 -53 -33 86 19 34 1 40 -37 1 -29 -11 -86 24 3 9 -7 -63 -76 39 -9 33 74 -16 28 -23 -3 74 -9 58 -9 4 -38 -89 7 45 14 -76 53 -28 -56 52 50 -25 31 -62 -37 35 72 -79 66 -51 -68 2 -56 76 52 97 57 -96 50 19 -68 -19 -53 -50 90 27 69 -57 98 -60 5 -10 -52 -50 -88 73 -65 -100 -68 31 74 -76 85 -33 -93 -83 -65 -63 95 -25 -82
40 28 -54 -56 -5 39 -17 50 -97 23 49 66 100 40 56 44 69 -39 92 19 -37 -1 52 -58 -16 -47 -62 64 44 -91 -81 -38 99 59 95 6 -28 -78 -3 86 -92 44 4 -61 -85 18 42 52 69 -75 56 60 -66 -86 -83 46 81 -63 92 86 83 -48 -63 73 90 83 -100 21 53 -85 47 50 -17 15 22 13 -47 -57 39 95 89 -48 -32 -16 -58 -59 -50 -18 97 -4 -71 96 2 -68 -55 47 56 96 -75 51
0 -52 -71 -78 -79 48 80 -74 -83 -62 69 38 60 12 44 42 71 -67 6 -4 -43 74 12 65 36 54 -45 77 68 20 -87 -24 1 54 6 90 6 -42 -15 -51 -55 -19 52 39 78 -4 42 -93 -97 46 1 44 23 29 69 -95 -18 97 84 -8 -39 -65 -57 4 -82 63 33 7 37 -21 -98 67 -28 -17 99 -43 79 27 -23 100 -99 -66 -23 -11 42 100 15 57 -73 -70 60 -35 -16 31 -56 -30 -57 40 57 34
-41 -39 -12 16 -45 4 81 82 -95 -43 35 29 -62 66 -66 -3 48 77 -39 95 -70 23 -41 37 12 56 7 22 45 87 8 61 -83 21 -80 95 48 -62 -28 26 44 23 95 -58 60 30 -71 -96 -39 -65 16 -54 -59 -53 52 -67 -10 30 89 -50 1 -70 -32 75 -99 -4 -43 26 -26 -38 22 -73 60 83 13 34 52 -26 69 72 91 35 21 68 -53 -1 -86 72 -57 9 -37 -6 95 40 -96 56 -6 29 54 -75
-72 -18 -87 -67 92 -67 -8 -62 -19 35 -91 7 74 20 -13 -37 -44 77 64 -87 -62 -49 63 73 -62 -70 9 -27 58 -98 -80 -46 65 -40 3 76 -12 -69 49 25 -40 87 66 -28 61 -45 53 48 11 60 66 90 45 -30 56 -30 8 69 86 -4 77 33 -36 94 4 -34 27 -95 32 -2 44 91 -94 -61 -51 68 -80 -96 -33 78 -71 24 -41 70 13 -64 39 -85 74 57 91 33 -98 86 -15 -64 -31 -28 -34 12
-62 44 6 -38 1 -83 -46 93 -9 32 78 -7 27 78 -8 62 -48 -28 8 28 73 96 52 29 -33 34 -27 28 -30 71 96 -12 -44 72 83 76 72 45 13 -38 60 -83 72 -58 -64 85 4 -28 -54 6 -85 -27 -16 73 -80 32 -24 -33 -52 -33 -12 85 -99 3 -29 -77 -76 6 20 46 68 -84 48 42 89 87 49 -97 41 51 -67 -2 35 50 -26 -52 22 41 89 -21 -59 -97 -97 88 20 11 -43 9 -93 81
-17 76 70 -60 58 -100 -86 -38 55 -61 56 -79 22 98 85 -14 -20 37 71 -44 54 18 -45 7 -65 72 -54 9 56 -94 -24 -59 -94 7 -21 72 -40 -44 -85 -13 17 -56 -59 15 -71 -43 53 -93 81 -20 60 -70 36 47 -21 -93 -46 -11 2 37 9 -22 56 50 -87 36 17 -57 -2 -11 43 52 22 -12 -6 -97 57 68 -96 -80 100 98 -81 -43 -84 -97 -88 -35 -97 49 -2 -1 89 -54 -41 -57 7 9 -18 65
76 -95 -73 68 -87 13 59 78 11 -31 -75 20 22 -2 3 61 36 97 46 -6 86 91 -86 55 -20 20 76 84 45 -44 68 -9 25 19 31 -8 3 0 -27 44 22 27 62 24 -41 -84 17 10 71 10 16 79 77 78 -50 78 19 -88 68 42 -57 -25 -4 -63 -60 -36 13 -43 -88 3 60 -23 49 -73 -74 -20 75 -5 -68 -66 67 -48 31 -24 -86 26 -21 50 35 -13 47 95 -99 44 56 -14 -95 37 -45 69
96 26 31 -19 -60 16 89 49 -85 -47 39 -21 -89 1 -38 -59 77 92 12 69 93 3 -70 -26 -16 -2 40 40 -8 58 -48 -51 50 54 -21 -82 -58 52 -8 -2 28 -86 29 -88 31 71 100 -78 -67 -40 -67 41 43 93 -6 -4 -78 -15 5 -27 -55 35 -65 -46 -4 -77 -29 -14 96 -1 49 -24 70 45 -98 35 0 67 -89 35 -82 -82 -62 11 32 53 91 87 -56 -38 -58 -68 -19 -3 97 -55 30 -85 -23 4
54 -32 -23 88 -54 85 -91 -6 -74 66 96 61 28 -63 -56 -84 -67 33 -4 -81 8 16 2 -67 89 -38 -59 50 -26 52 12 65 45 -79 -72 -84 -32 -58 -29 68 87 25 38 60 -68 -83 7 -59 -51 18 76 50 17 -88 83 -47 44 46 -97 16 70 -24 16 -32 25 -8 26 -67 4 -69 23 -22 69 77 -42 -77 -5 -76 -22 86 14 29 37 94 -76 -55 19 -38 52 55 63 -84 57 -25 27 -80 68 -62 97 83
85 -69 -52 -95 51 -89 -91 -46 89 -62 -82 -42 98 -19 -68 -68 80 14 -78 -32 -17 -6 -1 87 -82 19 8 69 -92 16 -7 54 83 -37 -28 81 26 -9 9 10 -1 100 -80 45 73 -18 4 65 10 57 -27 -56 87 16 43 23 85 23 -34 -75 90 65 -27 -83 21 -63 1 87 -88 -5 -62 3 60 78 -50 -53 39 -72 -22 -90 79 97 3 46 40 77 -94 -85 -60 -17 70 48 59 -43 -27 28 29 -43 83 -23
46 -15 82 63 83 0 84 -100 61 52 42 88 -31 53 95 -82 46 -94 -43 44 -88 41 -15 -46 30 -53 -67 -66 -73 -81 -38 47 37 92 -3 18 -72 -18 -6 -62 81 -72 65 -40 -11 59 -54 -70 98 -37 -65 44 52 4 -32 81 -53 9 81 -92 21 27 53 -32 44 -78 -87 76 -76 -29 46 -79 -16 -14 75 -91 88 94 -54 -28 -9 -20 64 65 -58 -91 90 -53 100 -69 -38 52 94 40 24 -7 53 49 -54 -56
77 33 28 84 -90 66 42 -44 12 3 -14 -72 -89 -27 -94 -31 65 42 -60 11 6 34 -87 -99 44 77 85 -63 -3 -45 -60 92 34 20 88 68 -16 91 54 25 58 37 78 -100 0 -72 -40 33 -11 57 37 -92 -11 48 -61 87 -93 37 -56 -28 62 8 50 97 60 65 8 9 84 -47 -94 58 -44 97 -85 49 -83 69 -51 99 75 -99 75 96 -22 -16 71 -38 81 57 -56 27 91 -9 11 -28 -44 79 -79 -34
22 20 90 -8 1 -29 6 -89 84 4 -12 27 -79 -79 -42 -92 16 -10 93 -35 -6 45 -40 37 46 -97 -32 -31 14 35 63 32 -68 -3 -91 -16 -87 -61 85 9 12 25 -6 -36 73 -92 -61 12 -72 -4 52 71 -41 98 -94 19 59 -66 -62 -93 39 70 -59 -61 90 -2 14 95 33 -91 -34 44 -45 86 14 -60 7 -32 17 17 -99 4 92 15 -41 -98 72 9 16 94 -40 -6 79 -66 -66 -83 -37 -10 -32 13
-34 -48 -61 -23 10 -52 -88 34 -77 -95 -55 67 82 23 -98 58 -98 9 -8 69 -61 -79 -66 28 32 25 -60 -65 71 -4 18 -75 -60 20 5 40 9 -75 -15 21 42 -3 -76 66 92 -6 3 27 -29 -5 -83 45 39 -35 72 -81 -93 9 76 -62 -57 -33 -64 -14 -93 12 31 23 78 -8 -36 -57 -2 -62 -45 56 28 93 -3 13 -9 -70 -68 -64 -67 36 -69 -88 85 27 51 75 -11 -16 -43 38 67 -81 -21 83
49 -57 -9 -88 -38 15 -76 16 65 2 22 -44 -61 79 -12 -30 70 -28 -58 -8 -40 -86 19 -49 -67 3 -42 -87 39 -13 -13 -12 -62 25 -100 -82 59 88 26 29 76 90 21 -86 -89 65 11 -57 -63 30 -45 -34 63 65 -38 39 -41 -91 97 -35 10 -48 -33 54 50 -93 -6 55 32 -66 0 60 61 -28 40 -94 -61 6 17 69 36 -29 18 -93 22 48 -53 -39 -66 -5 89 42 22 -92 -40 -30 -13 -31 -62 20
-19 62 -73 11 38 31 -23 4 -63 99 -44 -14 -91 50 90 -95 -21 -63 70 48 32 -96 90 -57 53 -18 -31 72 -23 25 33 -91 81 -74 45 -91 17 22 -46 -9 -30 -7 -97 54 68 -99 -58 -70 46 91 57 -99 -99 -47 -66 -46 -23 53 -97 44 91 -34 48 -2 -63 -57 26 -60 -33 99 44 32 -90 78 93 80 70 77 17 -55 43 13 66 57 -69 -25 -21 -14 -95 45 61 -22 70 -12 -19 37 -96 94 75 -36
-61 14 -38 -61 -12 -16 -27 -4 23 -82 -62 67 83 79 2 -48 22 -36 -21 55 -52 -9 -80 55 95 -95 -75 86 -28 -93 -69 30 -55 -3 15 -7 -94 -2 83 45 7 71 86 -53 -81 -22 79 -75 -54 -3 78 76 20 -49 -53 -66 -51 82 -8 14 11 92 -13 -66 63 -61 59 93 -31 32 3 -80 42 -71 -71 -79 81 34 -5 91 34 -22 -76 14 -37 92 59 70 -99 -52 78 88 -5 39 15 -22 100 -94 -65 -56
47 18 50 65 -4 -67 -40 52 78 8 64 24 0 3 -31 68 9 5 -60 -99 -66 -72 2 -21 86 -43 4 8 54 -5 93 4 45 33 83 -88 40 -70 89 -12 34 29 15 14 85 37 36 43 97 -46 97 75 4 -89 -63 -8 8 74 -41 -53 33 22 -43 6 -21 36 -25 37 85 -55 -21 90 -100 32 -12 90 22 53 -49 19 -72 -6 87 43 -8 -43 -79 83 -13 76 6 93 -69 20 11 -51 -37 -67 59 58
53 50 18 -20 26 24 -31 57 -99 83 45 52 -60 -71 -53 19 -50 -37 -11 97 44 8 15 25 48 -46 84 -49 -89 -93 -90 -55 93 63 44 55 -91 19 -8 44 -67 -71 18 58 -51 -61 -28 -17 38 51 -96 18 -26 -28 -94 27 4 74 -99 14 30 95 67 -41 -8 -81 -98 66 68 75 30 -98 14 -43 62 28 28 11 65 76 96 5 2 27 3 81 84 80 -81 7 -44 -9 24 23 37 70 20 76 -15 5
73 -2 52 3 27 19 75 89 -38 42 -71 4 85 -28 62 -5 2 33 18 9 43 -38 75 -61 4 -97 -14 63 -16 33 -87 13 -84 52 -20 -7 9 25 28 -55 -80 -54 -69 50 19 8 1 -30 88 59 25 51 85 23 60 -27 -43 85 25 -74 9 -1 -24 -30 -45 -26 -12 15 -81 -63 20 25 21 -7 -25 -14 -2 38 65 -68 -1 5 52 25 -49 -30 5 -65 90 75 -47 -16 -44 6 97 86 -45 86 22 -21
86 -46 30 32 53 96 -15 -75 71 6 -82 14 -8 -68 67 92 -78 -80 18 -98 -26 -90 80 -50 83 56 -28 -72 -52 16 -6 40 100 17 67 -13 64 -97 -43 -5 41 57 71 -16 24 -96 81 41 -25 -51 62 -70 -80 -95 96 67 45 -55 8 -91 66 -98 -84 46 2 69 -63 63 -88 -96 21 -23 50 -8 40 62 95 46 93 13 69 -28 -56 36 -62 -40 -91 14 76 -33 -10 -22 18 -43 4 -71 -89 -48 85 -77
-46 42 -75 48 25 -6 -13 -81 72 -51 86 -9 -18 60 77 81 42 82 87 -68 -86 22 -79 79 -51 -56 22 63 -36 1 20 -12 69 85 44 -87 -11 23 33 -73 -79 65 50 31 -51 -10 60 60 10 21 27 56 -35 -61 59 5 95 42 14 -83 37 89 -52 -72 82 59 -89 -34 -17 62 86 63 92 99 -10 27 16 -86 -61 41 60 28 1 23 98 94 43 96 -8 17 98 21 41 6 24 -71 -39 -43 45 41
80 -83 30 -74 -97 71 -14 15 -95 -67 25 -84 8 -45 -62 -79 32 38 -98 -26 73 -55 1 -17 27 74 56 -31 -83 -39 -32 -85 -11 33 -16 29 76 -91 54 -60 -9 33 71 -66 -85 33 85 16 -23 -27 85 -4 -97 50 57 -97 1 67 -22 -48 -91 -48 81 -33 77 -79 7 -20 57 14 26 -20 2 8 -40 -61 -2 48 -22 80 -85 -26 45 15 -13 36 80 -17 -5 6 74 63 -84 79 15 -2 -26 66 18 70
-32 -78 -62 63 -11 76 -92 82 30 -44 -79 -100 -98 85 -77 4 -44 83 -62 -86 67 -75 -92 62 -89 58 -94 -59 47 -61 -49 -89 57 -82 53 24 -35 -16 -63 -76 -36 -50 53 26 34 65 47 -41 13 -21 -85 79 67 -94 -82 -47 -75 -55 6 8 66 -81 29 -12 18 -80 -53 -24 62 -41 -50 20 29 -82 -100 -2 67 -32 -69 -23 85 -26 62 35 29 51 -84 -76 17 -68 73 -97 -23 -35 -35 -21 98 46 28 52
30 -26 -6 -65 40 -32 69 67 85 -26 70 -71 -74 71 61 1 1 -2 -77 -89 -68 18 -22 91 -91 32 66 -15 -47 12 -28 -23 -97 -25 -14 19 51 90 95 73 80 -34 -75 59 8 -72 72 -79 -76 -92 -63 42 -21 -61 34 -69 -70 54 66 -79 -23 93 45 -40 -87 62 -51 3 -67 57 -41 -61 16 -79 47 -34 -31 -57 93 -27 70 -57 -85 -45 84 -43 -98 22 67 15 8 12 -97 -21 -92 12 56 60 76 24
-60 -2 15 42 86 -95 57 27 96 6 91 44 -34 98 67 24 66 -21 94 6 64 -33 41 -79 -80 -12 59 37 18 -3 78 -87 -5 -81 -41 -95 56 -25 -19 44 -76 -15 -87 34 -26 -43 -21 18 -63 52 -49 99 -78 59 78 -83 -75 55 46 82 -59 -6 -3 -47 35 -64 88 -16 -28 -81 55 -65 -51 -59 53 -74 68 -22 -96 55 -87 20 46 42 80 37 -74 3 62 -44 -33 57 18 82 -12 -26 16 4 -11 -47
-9 14 62 95 -39 -83 -79 34 -75 3 -18 97 -25 66 -64 -62 44 29 88 -2 4 -81 -34 -20 52 44 78 -96 3 -87 -34 29 11 -68 30 78 -36 17 -97 -86 51 56 82 -97 42 -10 -31 -35 42 26 94 74 -40 1 -33 -65 -67 -3 -22 -29 97 91 96 -96 -5 64 -9 24 -1 -46 -22 -67 35 50 87 -89 21 47 -10 37 59 26 64 88 -33 -71 -95 17 -98 2 -14 57 37 -20 -20 -40 -42 -70 45 60
62 58 -18 -32 49 80 -66 26 9 77 -93 -39 -80 91 79 68 -59 -47 -45 52 -1 -99 -45 66 -65 81 -54 -31 -46 40 49 2 9 -52 -27 -59 19 47 92 -44 0 -66 94 47 -32 -19 68 -63 25 21 -81 85 -49 52 69 89 0 38 16 -58 -12 -90 -17 48 -67 18 -26 -6 -55 40 -44 -16 -91 96 -49 68 87 -3 -16 85 29 63 61 71 1 16 -24 -85 51 -79 -39 -23 -70 -23 90 -99 -63 67 -64 70
75 81 3 72 77 48 -87 -21 -72 -77 29 94 -74 -16 42 49 -98 31 96 -50 56 -87 27 68 -100 -26 59 78 95 58 -61 78 18 58 97 28 46 22 -58 -73 20 -35 -65 -65 5 59 34 -76 36 -94 -89 -80 -39 30 33 24 23 -58 -95 80 -81 96 38 -8 72 -20 11 62 64 -69 64 -31 13 -20 -96 -54 33 66 5 -23 -59 -12 -72 53 42 -11 71 85 10 -4 82 26 16 -4 49 -32 30 87 -58 96
-5 -99 -33 -92 26 20 77 -15 -93 -72 -96 -93 39 74 52 -26 -90 -67 5 -65 23 -44 12 -81 -66 81 87 -66 -14 21 -82 95 64 30 75 85 79 -39 25 -70 46 -42 -66 1 69 -95 -41 -45 -55 -11 -97 -21 -45 83 -75 -19 -55 44 -88 -43 7 -19 -66 -7 86 -5 -5 -3 6 87 81 -43 8 -19 -66 -98 3 38 -9 36 75 -73 87 4 -37 24 59 -54 -44 -90 30 -63 89 66 -36 30 -35 93 36 6
35 -95 65 -20 56 9 57 -95 6 -53 99 -18 11 21 90 -13 -44 -79 32 -63 -76 -44 -1 100 19 -85 41 -35 -39 -89 9 -96 94 0 -93 -65 -3 92 83 -85 -40 91 -87 -58 -81 27 -25 -84 -13 -44 -64 -67 75 26 -65 -97 16 22 -57 79 61 -61 -27 100 25 91 63 -64 0 -91 14 35 -90 -36 60 -74 -25 26 -98 -42 -10 -18 -65 -51 -29 24 46 -67 86 61 -19 58 -79 -96 -78 100 -9 -36 95 96
36 77 97 64 91 29 96 76 33 -61 12 71 50 -21 10 12 56 -55 -85 -96 -86 54 82 -13 -85 -77 -34 95 41 -77 66 -34 -62 -24 12 27 14 -82 75 -89 -100 95 -5 -66 -59 -91 -42 -93 85 -96 96 -97 -49 -61 24 -6 71 39 8 -20 -74 85 -23 36 -13 50 -7 -15 36 -11 -80 -92 -69 53 -29 -2 -5 -87 -69 -81 52 -70 93 -74 28 43 -68 -86 89 -60 -51 -41 -19 58 67 -11 -38 48 13 46
46 -16 48 -62 -16 50 -44 54 84 31 67 -53 47 62 9 -94 -92 -63 24 -30 -98 -87 -24 -25 -41 -63 -58 -67 46 -34 36 -70 82 48 -25 13 44 67 -95 -73 -28 4 33 29 99 -85 -71 35 -12 72 -5 -13 -80 81 -38 -77 -56 -20 28 -58 22 -65 84 90 52 2 -34 -90 -81 -40 -18 87 18 -76 -95 -33 -14 -26 -17 65 12 -61 -2 -70 -3 70 68 23 21 33 -42 -49 -44 18 13 -8 44 48 50 -53
-42 -95 28 -48 -22 -68 -60 50 10 -8 -31 -7 -51 -75 8 -14 5 15 -56 63 75 12 57 -96 21 52 95 54 -6 40 31 -14 38 21 -70 62 -87 -43 -73 95 7 100 -40 16 -51 56 -83 -49 17 46 -63 -40 29 -58 -66 6 42 -5 -10 16 35 28 18 74 32 -47 19 11 -79 66 86 -27 16 50 53 -44 48 -38 43 -76 -89 35 98 21 29 85 77 41 -57 -63 -26 -59 41 -57 6 69 81 -50 97 -52
-25 20 -98 -41 -45 -74 -21 47 24 28 94 34 20 65 22 -72 -74 16 -83 32 31 -30 -14 75 92 79 -16 -85 80 58 -48 -93 -39 -29 -68 49 -34 73 68 0 28 30 -84 80 -44 -40 -6 27 32 -62 67 -25 -92 46 76 1 97 -77 -62 80 30 -8 87 -1 82 -3 48 -100 67 12 67 77 100 39 0 59 39 27 1 43 -2 22 -73 81 -31 -40 46 11 94 -71 -51 91 -99 -98 80 -6 26 96 -28 38
97 -40 -65 23 -53 -96 33 -96 -31 -12 93 -74 -85 -39 -9 -11 -59 7 84 -59 -35 -13 -38 -81 33 -17 61 84 -8 22 -48 -39 -56 5 53 97 -32 -58 28 -22 32 -34 -83 -45 49 78 53 -1 -46 -10 -86 -95 -4 -74 -88 38 -99 -46 52 -7 -80 15 18 -47 59 17 18 -15 7 0 -77 61 46 19 21 -92 -21 -28 -34 -2 6 -82 -70 -99 37 14 -31 22 -60 -21 88 -66 -81 -9 -95 -41 14 -33 41 -79
40 74 -70 74 66 86 -89 -98 73 -87 -19 72 14 -60 -21 73 75 -29 -59 86 67 2 -34 -5 42 -17 -20 -23 21 -63 -6 -60 -53 53 79 -19 12 19 12 84 100 -52 81 50 25 -72 7 31 39 8 45 -51 72 -88 4 53 -43 -37 -83 73 39 55 -15 92 -18 -66 18 -64 93 49 91 46 60 -91 -72 -62 4 -37 28 83 -91 -9 74 67 -83 42 -2 -86 -53 70 -37 -59 59 -77 74 77 -70 -82 28 77
70 59 -18 -7 92 -36 -93 -76 -50 -63 1 -90 -14 -64 -51 97 87 79 -65 18 -61 86 40 33 55 -31 34 56 21 47 66 15 60 38 41 -3 -9 37 22 -6 48 66 -12 -79 52 -34 -75 32 -19 92 17 -13 11 -19 -49 -2 6 -9 -18 -90 84 -82 68 -81 -83 13 53 92 6 22 -30 91 91 -9 40 -35 57 -15 44 29 -46 -53 37 -87 69 37 -77 -77 31 -59 28 -18 -53 -33 -82 -87 -26 21 12 32
-4 -5 53 18 92 59 37 86 2 -17 67 54 -100 87 -44 39 -1 94 36 -84 -77 31 -25 -54 -16 -79 53 -54 -8 61 -15 -32 -85 -97 -96 -56 5 67 28 -4 0 -98 -17 -92 -95 0 -39 60 -24 25 8 99 -75 -65 40 79 82 45 61 59 35 -22 -17 68 30 99 -16 31 -21 -53 -87 -8 17 17 45 7 31 -70 8 -99 -89 -77 89 15 42 -30 -11 -29 45 -70 83 29 -86 47 -81 14 12 -60 22 22
-75 83 98 53 31 67 23 -80 -93 -26 45 -81 -77 -73 -18 -7 52 -70 -5 11 61 -9 87 -51 -65 85 89 -79 -45 -71 -3 -29 43 88 -98 -11 -69 -58 -1 33 -15 17 -48 -52 -13 -74 12 -54 54 10 -35 -26 -91 83 81 -51 -87 16 67 -45 -57 -27 -26 30 2 -57 57 -72 -91 -81 85 5 -42 20 58 -71 -80 -9 -1 14 32 -99 87 86 -94 -91 95 36 55 43 -78 7 -1 -41 -68 19 -40 72 -80 24
81 93 -75 -42 -49 -79 -9 62 42 2 -25 -38 -35 -87 -5 27 -41 -4 80 51 -55 -3 -38 -47 73 6 -8 39 -9 75 94 57 -4 -58 56 -10 -59 -15 97 -9 83 29 11 82 84 -58 41 -88 -7 84 5 -89 48 -30 28 -15 59 -31 -45 -21 -15 19 -82 -84 21 64 -42 -58 -85 -59 70 2 81 -68 -36 -22 -88 87 -49 29 -8 -4 76 64 68 29 -35 -11 -48 -31 54 26 -46 45 70 18 93 -87 -40 18
-76 -29 -58 99 -44 75 -89 12 -72 -88 65 67 27 -53 -94 38 53 34 -54 54 -44 92 86 -73 69 -19 -92 -88 -11 -81 27 -4 69 -5 97 95 -44 39 7 28 82 -99 -2 -96 70 61 -100 -48 3 -65 -37 -91 7 -30 -23 -46 47 -69 -46 -89 -68 91 -61 4 -13 -30 -78 -79 56 65 -88 -9 -70 -81 6 92 38 -13 58 -43 -53 97 -33 -92 88 -16 -68 -31 -99 44 -6 -68 -43 -76 44 72 -49 100 -28 58
-81 -29 1 6 -68 47 50 -63 23 -69 61 82 -63 -40 -79 -60 22 91 -49 8 0 -42 -17 21 26 -27 -87 97 -6 -56 -84 57 27 25 -59 69 -3 70 -21 2 54 -48 -75 9 35 -75 -83 74 88 84 -28 77 -5 -100 94 -36 -85 -83 -16 -1 -27 8 90 88 -99 96 17 -33 -79 -59 41 -48 -56 -38 18 -92 -71 17 -88 80 40 2 -51 51 2 -44 -43 -81 44 -6 -76 78 38 -78 -4 63 -51 -24 41 99
61 30 -1 40 -72 -68 -1 -84 -82 40 -96 -75 90 -58 -83 25 -39 80 12 36 27 71 12 24 -3 -98 43 -68 -75 -51 -19 99 20 9 -15 34 17 83 -43 45 -48 -42 14 -28 92 -74 -5 -29 35 -13 56 -61 52 -65 40 66 89 -45 64 55 16 94 22 29 26 -78 17 -51 35 -100 -52 88 57 15 -5 73 -92 -91 -9 -58 -83 -41 34 -32 -28 -41 -79 -44 60 -42 -96 -23 -4 -45 -32 94 -26 -96 67 -81
-79 -80 -55 86 14 -12 -65 50 -72 -9 11 -13 -13 20 -58 -4 84 -60 -87 32 -49 21 64 -47 51 -74 88 -35 62 26 -43 -16 40 48 38 -2 -6 -22 2 21 -87 52 53 70 -61 28 -22 98 -39 -62 42 -14 78 11 -11 75 8 95 65 53 19 10 82 -53 -85 44 95 65 -88 -64 38 34 -91 47 0 -52 5 98 40 -26 -23 -2 -32 16 60 17 100 42 98 -55 -84 -75 -57 4 -56 -80 -56 42 -19 -39
-83 82 -47 -36 25 63 -85 -65 -11 -72 -86 -100 74 -11 -97 16 54 28 88 -47 83 51 -17 70 82 -52 87 76 -84 -94 -93 96 91 -48 11 36 72 9 -58 -90 82 12 57 -36 56 59 30 -91 -8 89 82 74 -67 -71 -33 -63 -67 -96 -11 -9 -81 80 4 -67 -28 -13 0 -87 -88 -71 -36 67 23 59 49 -47 84 -46 -42 -21 7 98 26 18 -10 -64 -94 59 11 -61 33 10 -74 87 -68 -73 86 -30 98 -95
-97 -40 -88 26 -32 -12 -16 39 62 -83 62 39 60 -28 1 -99 -76 -76 5 -96 -96 60 39 -60 53 -70 87 -95 -47 12 -65 -13 47 3 52 12 -46 17 33 82 -2 87 -72 88 -20 -42 18 -64 19 -63 12 -93 85 -56 -67 -66 22 54 -37 66 39 -79 61 -26 -18 91 -46 4 -55 56 39 85 96 -36 -13 26 -72 56 -2 -11 42 38 14 -17 25 -23 17 -55 -89 -79 46 83 -83 52 25 -99 -83 -70 30 43
42 -15 -90 78 69 74 13 -10 4 -73 78 49 -69 6 83 67 13 67 11 6 -97 -95 -62 -89 -100 64 -92 -18 97 -40 0 45 -34 49 -18 27 -49 32 -1 97 45 -74 -76 -2 86 6 20 -40 -89 -79 69 -81 -25 -45 -53 -65 -20 -74 4 39 78 84 27 -99 69 -1 -94 -70 -24 16 55 -9 5 99 69 75 41 -49 -14 -82 -97 95 94 64 -44 39 98 46 -16 -59 3 10 13 89 -100 68 52 24 52 -100
68 -66 27 -47 29 -19 97 -98 -100 67 85 72 -75 -47 69 -32 -62 32 -24 -29 -5 68 -43 62 42 85 63 62 -43 76 68 37 -89 46 61 -65 -38 -70 86 -81 -36 9 89 -38 -2 -8 -32 32 -2 -30 -67 54 -20 -75 16 71 25 63 -38 37 86 81 -3 -98 -5 -5 -87 90 74 -85 20 0 63 -32 -84 16 93 89 -2 67 19 73 55 -35 -15 72 -49 -48 -83 29 94 -85 -88 -25 -82 70 91 69 -12 -51
-94 -86 40 49 -58 81 -79 70 -31 79 7 -92 31 -6 -12 -66 7 -70 -87 -28 -21 24 -22 -16 43 -61 81 74 71 -13 -33 80 43 -19 52 11 10 -57 92 72 47 23 -100 -46 -13 -21 -69 -43 54 -24 13 73 -70 59 -49 70 12 33 43 59 -55 -8 51 -65 91 80 64 34 93 19 1 -49 74 -56 -28 78 -100 -51 -45 59 -50 -89 -16 50 -65 62 -69 86 -66 71 56 14 -59 26 -35 61 2 9 1 -1
13 56 23 85 100 -10 46 -52 -72 55 -28 -52 -82 -46 -27 13 21 3 -96 58 -44 -59 -91 -81 -34 29 83 73 4 -70 -75 1 -88 9 20 61 41 58 -11 -61 25 7 -79 86 94 -7 -12 19 -74 -79 -65 -96 80 -18 39 -92 64 -68 -89 -75 57 91 -37 -33 -9 -2 4 -88 16 -60 -21 40 -30 39 72 62 -87 -5 42 6 -77 -61 -71 -11 -2 66 46 -59 -71 12 -10 -56 0 -83 -10 -4 -58 13 -39 -100
93 -16 15 -54 90 97 47 -32 -32 23 -87 82 15 12 45 -62 13 -68 -39 6 -71 -83 55 10 -10 6 86 30 -36 -85 71 97 43 19 99 -10 85 -71 -8 80 -74 28 -46 35 50 9 -81 -13 77 -68 72 -64 -65 29 -100 33 37 30 51 -47 -53 -25 16 69 52 81 44 98 -80 85 5 -85 26 78 -91 6 58 -25 36 0 -91 -79 -55 71 94 72 -78 76 77 31 27 18 51 -21 -72 80 -97 -80 -39 -97
65 40 38 6 -18 33 -8 -26 -45 99 -46 -66 -29 13 -96 32 -92 30 89 -74 68 -68 54 84 -24 89 -85 -54 -99 -70 99 55 -71 69 -49 -74 67 -78 28 -1 46 -28 -19 7 81 90 95 22 -79 30 35 -87 -52 -11 57 -92 -72 81 -42 -84 -12 -19 28 -6 -58 -40 95 91 37 -65 75 -77 60 28 -10 54 36 74 34 59 -51 -38 -5 -47 -37 -58 10 9 -58 19 77 8 -1 45 -44 -78 -41 66 63 -19
-51 99 -70 -71 -58 -15 15 28 49 -18 91 14 28 73 70 85 35 54 -44 89 55 -17 83 20 -40 88 24 -16 -82 53 -29 93 74 12 37 -22 17 -22 -2 27 59 52 89 98 -89 -99 36 76 18 65 -8 -42 63 49 -97 -43 -83 17 -95 18 32 -100 -61 91 30 -41 89 -70 -8 75 -27 -91 42 8 30 -64 99 -35 -74 29 21 -67 -91 -40 -100 85 13 -40 98 -11 -16 41 -72 55 27 73 -96 98 56 6
-15 46 -55 90 -69 -67 -61 9 -78 -100 17 6 -61 -7 -74 12 -56 -15 86 -25 -98 -97 20 -66 -28 -58 -16 97 78 56 -22 -41 19 -30 43 -85 -63 -90 -84 -64 -99 15 79 -85 96 -7 -69 -84 20 75 -58 -41 -28 51 5 -9 37 59 71 13 41 71 -70 58 -69 65 13 67 16 76 -72 -31 93 -52 -65 -7 -100 -82 18 86 -64 36 -30 91 -67 19 41 -16 29 25 -2 27 49 -85 -2 -26 95 -58 69 -63
0 83 0 -82 51 48 -67 22 6 -72 50 -9 -60 1 69 -20 38 51 28 -17 -27 -31 -14 5 53 -83 -22 -61 97 -44 -6 -99 25 -89 -69 -8 -82 45 -78 12 62 -11 -26 -85 54 37 25 55 73 -69 78 -28 -58 11 -97 -32 49 79 -6 -60 8 21 -76 69 -99 -98 83 -62 36 28 99 -76 82 -87 -10 -68 -87 -72 -23 -55 -100 -98 10 48 53 20 -10 3 13 52 13 24 -25 47 -82 -96 96 -49 63 -17
-18 39 69 -38 34 -16 99 -10 17 -90 62 47 20 85 10 25 60 22 48 -72 -49 78 -74 89 -48 56 100 21 -64 -98 -44 10 96 -27 -69 -89 89 20 48 38 98 -98 -48 52 -79 100 -53 -63 1 83 -56 -32 -73 28 32 -19 4 -85 9 51 -21 -69 99 -20 61 48 94 -88 -13 89 -71 -31 -13 -64 -72 -26 57 98 22 -44 91 -86 18 -95 -79 75 79 56 78 -89 45 -96 -14 98 -5 85 -100 -46 -56 -4
-16 68 -62 43 27 -39 -23 -11 54 -65 -29 60 -98 -17 25 -98 -72 -57 -56 92 -19 -27 49 -55 -35 -53 -64 -67 31 57 -7 77 -12 -45 30 -56 99 72 -57 -43 -74 70 34 48 -54 44 48 77 -34 31 73 64 25 49 -51 -76 1 62 67 45 -16 -86 21 10 -72 46 -11 -24 -91 -46 -77 9 72 -45 28 -51 86 -82 42 3 38 89 -41 -99 -92 -57 -18 17 76 26 -20 -100 22 -20 -83 -74 56 -77 -99 -38
33 51 -40 -76 -11 10 -23 -71 7 71 1 -66 -40 -43 -89 34 9 7 2 -76 -92 -12 -55 -24 92 -38 -12 -13 83 12 -56 37 -12 -5 -11 -13 91 -16 9 -44 -17 -36 -11 40 79 43 15 32 -47 -16 -29 22 -61 43 -57 -66 -23 -72 -32 -47 -37 -84 25 -96 -89 -12 90 -14 -47 34 -27 91 67 89 20 22 9 29 -61 -6 -47 -43 -25 -78 100 -33 -19 70 49 -49 -79 7 -7 -2 53 42 8 90 75 59
-10 57 36 7 -12 66 42 93 24 19 78 34 63 68 -46 -39 -25 -32 -22 37 -79 -64 74 20 -39 64 -80 -69 33 23 -7 -64 -49 94 -16 51 -52 -88 99 2 -10 46 -53 -71 61 32 44 38 -37 -37 74 80 -39 61 -32 5 -99 77 45 15 -31 95 -84 -55 -7 -23 -28 38 41 9 -57 -18 -81 99 -97 38 83 88 -77 69 -82 -65 -52 73 -74 -57 100 -69 25 -44 -3 39 -85 54 32 -30 -20 -21 -99 -99
-28 -46 76 -98 34 15 -79 11 -86 -79 -42 10 -23 85 -42 -15 82 -3 -47 -10 -26 81 -64 -65 51 -40 -70 3 7 -6 -76 -7 -68 84 -92 -36 77 69 -59 4 57 -66 -88 58 95 1 -58 -73 -4 -82 75 78 -89 33 89 -16 -5 71 46 98 -79 -78 80 -82 33 35 -86 -88 90 19 60 -41 89 -75 57 -22 57 12 -54 -84 0 62 -60 -38 -76 -71 -57 96 -10 65 23 -30 74 -3 56 31 19 92 -12 25
47 93 -43 -37 55 -65 64 13 -39 -30 -45 -66 -1 61 -83 -36 -63 59 -4 -29 23 65 94 -4 60 -64 -31 12 1 100 31 -73 34 16 -5 1 81 -62 33 77 59 86 -98 -47 71 -29 55 -81 -21 -83 -48 -75 20 -91 9 96 45 -91 -29 87 -91 96 66 -15 -63 -34 12 -44 -54 -65 -55 65 -4 32 4 -17 92 -81 50 -96 75 88 82 -72 -94 90 -19 74 -38 -63 -54 -26 -37 55 93 -98 -28 42 -91 96
26 15 24 -61 24 39 -87 100 65 -57 -17 67 53 31 32 12 8 -47 -81 75 68 63 88 32 98 -65 -65 -100 51 -44 -20 43 -44 -63 -96 7 78 -6 -95 -21 -30 -37 -46 18 -70 19 47 -10 90 -59 59 -6 -2 24 81 -37 -84 97 66 41 76 -22 54 5 98 16 96 99 41 82 -67 1 -38 -43 -45 -11 74 -17 -31 -44 -69 -71 77 -21 -16 50 64 76 -16 11 -5 98 93 90 76 36 28 -4 3 -9
18 86 13 -94 89 -33 -30 65 10 -32 -65 70 25 32 60 56 -19 32 93 -77 -40 26 -32 50 -93 -25 36 -82 41 33 1 75 -17 31 -2 12 -32 -63 -61 -18 11 -19 -95 -55 -45 43 -48 11 -32 50 -6 -100 -81 -96 -78 -70 -73 6 -46 96 -30 15 -93 -53 -11 10 -59 -78 6 94 44 -81 98 -80 1 -64 56 -87 -15 -16 98 -30 -25 94 -44 38 13 20 -81 71 37 42 6 20 60 -24 74 -45 -48 -31
18 94 -84 -54 40 -91 -70 56 -55 55 -7 60 62 -10 3 -21 -23 -68 48 -60 34 -91 36 -40 73 -37 40 27 7 19 79 55 -8 -77 -37 -35 -64 -5 -90 66 -48 -4 -25 73 54 -44 -33 8 -64 -25 62 7 86 -46 74 27 54 -48 -73 100 89 -92 77 -98 16 -74 47 22 28 82 81 -9 33 -86 -35 -36 28 75 -39 33 84 63 14 52 7 80 -92 -43 -72 -39 54 55 63 82 87 -38 -9 -24 71 40
-26 21 70 14 59 -95 67 -7 1 -85 89 -10 -27 34 -91 73 -48 -59 -96 -85 2 73 52 73 -7 6 -66 63 10 -94 -54 76 36 7 43 78 12 67 36 -81 33 40 65 86 53 18 -12 86 -48 18 16 -18 -71 25 12 -98 27 68 -67 -96 17 89 -58 85 -54 -63 86 -21 -79 45 87 -76 34 18 47 -4 -24 -87 -19 -63 38 -17 -10 -56 4 -100 -82 91 -70 -59 33 -18 -62 -25 71 81 98 -55 40 9
-93 12 -66 -90 -51 -96 -23 -85 -64 -25 86 3 -42 -74 -52 47 70 75 46 17 9 -93 97 52 -60 13 31 3 -20 -57 -91 12 -75 -89 -48 -38 -78 -31 25 36 59 18 -71 88 55 3 -30 -8 60 78 -82 67 -54 32 -21 -38 -59 32 59 7 79 75 31 -59 33 -95 87 -47 1 -34 -18 50 -84 -73 -34 33 76 -82 91 -64 38 90 96 -92 32 10 -40 18 -94 -34 10 -8 96 34 91 -86 87 2 79 -79
77 -55 64 -42 9 -42 -25 -63 48 12 51 37 -59 98 -68 90 43 -65 -67 -59 21 -47 -30 -61 40 -45 -100 22 -66 -77 66 39 -48 14 9 81 45 2 69 -83 -68 62 -55 15 49 -72 55 -47 -35 -79 -9 21 -13 64 10 39 -21 -54 -61 27 -12 -80 79 -92 5 91 3 56 36 87 -23 7 -98 -43 -64 -19 -60 -15 92 -51 3 -59 65 -30 36 76 -13 43 -16 -75 -84 85 39 75 -68 11 49 -34 -32 58
49 100 7 -13 -35 48 45 -69 -78 70 -90 -17 -85 -4 -73 -56 -7 22 -42 0 63 17 -37 46 -49 -62 98 10 33 -1 67 4 4 78 -22 11 53 47 32 -59 -96 -76 -13 -57 90 -59 99 55 -90 35 77 41 -42 -64 26 88 -84 -75 94 60 3 8 -90 -100 53 37 27 5 62 51 -28 5 -69 -2 83 -55 -76 -37 6 -9 -26 12 64 78 -85 -84 55 -84 67 57 40 72 -57 -30 90 9 54 -44 -53 -69
-15 -40 5 23 -83 98 54 -47 78 41 28 77 -74 -13 70 66 -23 -67 17 -10 1 -81 58 -81 57 -10 -45 55 -67 -68 -15 -14 -90 69 24 -98 -5 -33 44 62 -56 12 -60 7 77 22 96 71 -15 -39 -69 60 -25 68 -35 -96 -3 85 35 55 27 -7 60 -66 -29 0 -25 -69 -95 32 -18 9 85 -56 44 13 47 88 82 -62 23 -100 79 60 -28 -14 -6 -11 -92 89 38 0 -40 74 95 -6 33 -92 -2 68
78 -25 -55 -99 -79 97 -18 17 -40 8 59 -20 -76 -17 35 95 56 -15 -86 -31 -48 -74 7 -100 52 31 12 32 29 -54 28 -91 -42 96 0 -75 15 -95 -83 47 -46 -82 16 -100 31 -90 33 -44 -84 41 20 -8 -23 -71 -93 95 66 3 87 74 -30 -73 -67 -14 -24 1 -20 30 -93 91 -62 79 -72 2 -92 -16 -12 34 84 -28 99 62 10 49 -2 74 -79 -18 -42 99 -51 80 -50 63 12 -38 6 -71 76 99
-4 77 -97 3 -12 56 65 33 93 68 38 -61 -94 -56 91 54 -12 66 -87 -27 -61 16 -14 -79 -48 -4 -6 -80 71 97 -34 -30 88 10 26 -49 71 83 -4 -67 -90 -44 33 -30 -93 -88 25 -30 -72 -10 -59 -33 26 -28 -1 24 97 -98 -93 -55 -84 -100 0 -39 6 -52 -63 85 78 -96 -97 71 7 -6 -78 90 91 -27 50 40 -24 -11 -76 -5 91 -42 -17 -34 -59 -94 51 -85 100 33 51 -90 -86 -23 -98 -95
-16 87 0 23 -73 52 -18 -98 -19 -61 45 -90 8 46 -49 93 -72 -76 -63 -22 5 78 75 48 -6 -32 -35 -15 -10 3 -74 27 16 19 -81 69 -66 80 -24 6 -20 -55 -56 14 -84 -22 78 -2 -16 22 86 -60 54 -69 9 77 -86 -85 -18 -9 -68 16 -43 28 -98 59 42 -35 -82 56 -18 60 32 -12 -36 3 61 -98 60 36 72 -13 35 88 -71 -67 -90 -6 -80 4 0 -44 26 91 -39 -18 48 21 50 99
-65 65 54 63 -82 68 74 88 -27 75 -32 -31 -52 78 48 -59 28 -94 -41 -95 94 58 99 2 -73 -49 -52 47 -42 42 1 -47 -13 68 55 -18 -24 96 15 -34 -90 6 -22 59 -64 17 -97 -13 -32 78 43 34 -43 -69 -39 -86 36 -88 -18 -66 -62 86 -54 -95 -21 9 93 -3 11 96 27 66 -57 10 -79 13 68 22 51 -80 13 -30 -72 -1 8 0 -91 -76 65 0 87 42 -29 38 6 57 99 -39 16 75
78 30 -19 42 36 -81 49 -9 -49 54 91 20 58 -38 13 -95 0 95 90 -55 75 -47 -10 46 -68 -94 -10 40 40 -25 -47 21 17 22 85 30 -62 -35 91 -35 -99 -32 70 -94 42 78 -82 -97 99 -68 79 55 -72 -97 64 79 -1 -97 -74 -38 24 -63 23 -32 -93 -68 82 100 51 -96 65 97 -11 -82 -46 -95 -89 -48 39 2 67 -8 -51 -17 -68 -41 -50 85 75 -2 -95 -1 -60 -66 81 99 98 66 35 -1
44 78 -39 -15 -56 -8 -75 22 -32 49 13 58 -56 26 2 -89 70 5 68 86 -34 97 -42 59 38 25 35 24 48 -62 -77 97 26 51 -32 19 -90 27 -44 -91 24 30 26 -74 -34 56 85 -88 86 -44 50 -7 -96 61 91 -40 4 81 7 37 -33 7 -90 30 29 73 -76 -62 -42 -70 -41 84 22 -43 66 59 87 -57 94 57 23 -86 56 -80 -75 49 59 -60 25 -41 -1 84 -20 -62 70 -98 68 5 -54 49
-21 44 -84 60 -48 11 -8 -60 -12 28 -43 -73 -47 7 80 -3 -9 -38 57 83 54 31 57 -46 2 -71 -77 17 -18 -50 -90 3 18 48 83 84 -34 1 7 -36 -11 31 -65 54 -25 35 71 18 -52 13 82 46 80 -62 71 20 -54 38 7 74 -28 47 -58 -17 14 84 -16 -36 35 -33 59 84 -55 22 -66 -16 -60 88 57 -2 -74 -13 7 -64 24 -90 -4 -85 86 -90 84 -17 -1 25 -92 1 -67 -32 -79 -88
-13 -54 -54 6 16 9 63 13 54 24 58 74 79 81 40 42 2 -38 -48 37 93 59 -6 -23 1 -8 -100 77 -8 27 88 -89 97 9 -44 -1 -95 80 12 33 -98 95 81 -30 -5 -96 31 94 -65 8 2 -70 22 74 -11 -29 54 -98 -63 -67 51 -71 16 9 -68 57 96 -34 -75 56 -2 -44 40 44 -63 -30 56 -27 -84 -26 52 37 -8 -100 -100 90 -81 -4 -36 -80 -81 14 -88 92 -29 -92 39 54 -80 57
