-46 68 1 31 -67 -74 -45 -86 34 -94 9 -62 65 -66 43 -92 71 -91 15 -26 1 -57 9 -82 -75 72 -50 77 73 31 52 26 -43 -8 61 -2 -29 -78 6 83 43 -5 -28 82 67 63 89 -55 -81 -65 48 35 -23 -99 59 68 80 -71 -63 23 79 -53 26 -16 55 43 48 22 24 34 -72 -13 -13 -35 49 -10 47 70 0 -47 1 -49 -79 79 -96 -34 -74 -66 -68 19 5 -48 -25 -48 18 64 87 11 -33 -62 54 34 -63 -3 66 89 99 -13 -66 -2 -8 30 -58 -88 -59 -1 56 -18 38 2 7 15 66 -84 -1 -74 -91 -62 18 -27 44 77 71 -36 -30 74 100 -46 -63 32 -88 15 47 -76 72 -55 -70 66 -60 100
-52 -20 -93 87 83 9 10 -92 -72 -36 -83 57 94 -63 46 0 -48 56 -23 -37 -68 81 98 32 64 -39 -24 -59 -89 81 84 -50 99 -88 87 -92 6 -21 27 8 55 1 39 82 100 -19 -6 12 40 -36 62 41 35 60 -93 -19 20 -60 85 95 30 36 -38 45 -70 82 26 -1 91 6 76 -72 -63 29 -18 84 -73 -63 -65 93 95 -49 11 33 -91 -12 63 -18 -85 21 61 42 88 -68 50 -71 94 -50 80 -69 90 -96 0 -85 -2 -61 -56 -3 57 26 -60 -97 -74 51 39 -60 74 -33 97 92 -18 10 -74 4 -65 97 84 -95 -2 61 28 74 -70 -65 -46 -56 -92 -74 83 -43 23 -55 -80 99 -81 -80 -100 -89 87 -61
-73 72 15 -26 -41 15 -50 -1 52 -80 89 50 15 -10 27 -14 26 -12 -46 40 67 95 -53 24 33 74 -91 -21 51 -40 6 28 -80 76 48 11 83 -64 -57 68 13 -16 -44 13 74 -10 -87 90 29 77 -52 -99 -37 90 -67 -48 -1 -37 -80 54 51 44 -73 -14 -13 -25 -47 -24 17 -60 -62 74 67 -66 -89 -40 92 15 61 29 -6 -36 85 87 17 -15 69 74 69 85 -43 17 58 -94 57 17 64 1 78 58 95 99 -8 91 44 31 -49 86 -29 -30 -98 -35 -44 65 -27 -80 -28 -60 52 69 89 -28 48 -98 -36 -2 87 0 86 97 20 91 -39 5 18 50 -56 -35 94 -72 5 -35 32 -98 -12 -29 8 15 -75 -66
-77 -61 50 17 -61 -27 21 46 6 -84 65 8 -15 -12 10 -63 -8 74 77 9 -56 -15 52 -21 83 82 97 51 34 -2 -21 -52 59 -10 -26 27 -99 43 4 39 11 16 89 75 -21 -31 -57 -64 18 -75 82 -81 -9 -83 74 -23 -58 -90 -2 -30 52 -27 20 58 -20 -68 90 -40 7 28 23 -89 18 59 14 -56 100 41 -38 18 -15 79 -89 37 -82 9 -57 79 -93 -41 -19 -17 0 3 14 -30 -2 69 15 17 -84 -90 35 90 47 -63 -69 -18 13 -69 79 67 -91 -37 -55 78 99 65 -60 -81 18 62 -16 -22 -15 -67 66 -50 -55 -59 -57 21 76 39 -14 -89 -59 -5 58 49 -3 -100 98 -43 4 33 -60 3 79 73
17 68 -50 -100 -91 -55 69 -20 97 32 -72 -18 54 -81 1 -37 32 61 10 -51 -41 -61 -79 23 -17 56 -43 -85 -10 51 -55 47 3 67 10 -49 -31 -67 -49 87 -57 41 82 11 58 96 -17 48 15 83 -82 -72 3 -8 28 -74 -13 -74 1 59 22 -60 90 15 -20 9 -41 -62 -48 -77 -55 20 -15 -1 5 -14 30 -78 97 -67 58 -59 78 40 30 -50 85 59 -8 -9 11 -68 -55 32 57 -30 -83 36 -64 40 48 60 -12 76 -79 -92 -3 11 98 69 -27 93 -95 -71 -10 -17 -33 31 -76 98 -42 23 16 -34 100 -37 -20 17 -8 57 -17 -100 90 -22 -43 -40 -58 -80 33 76 77 -100 -76 -43 -37 -86 -47 -72 -10 30
-65 -69 34 -44 67 -3 -69 30 42 25 79 37 -75 99 -72 33 41 95 -63 30 41 -6 -93 21 -61 -70 39 89 60 17 -65 -66 -82 -44 -40 -98 68 70 6 -49 -11 -66 17 28 -81 -86 -20 -61 30 56 -27 -68 66 -32 -46 14 63 89 -86 -32 40 47 -96 35 -98 62 -22 -81 60 -2 -75 39 5 73 -75 -72 94 -80 26 44 -74 43 47 94 83 -68 -76 32 -24 -4 58 57 57 -30 67 -97 -90 -78 -95 -7 -86 -8 80 -78 -94 -43 70 26 53 57 -16 84 -31 -79 80 -92 -44 75 66 -89 -46 -6 77 -45 -16 -16 20 24 -77 -24 -85 54 20 -52 -36 89 9 -74 25 25 5 39 -60 26 80 -16 -87 99 -48 -96
-89 -60 -30 66 32 4 -26 92 -76 -57 -48 -43 42 9 -65 95 1 100 11 29 6 -6 -25 48 36 -13 63 30 -64 -74 -93 -1 -11 69 -96 -54 66 54 -67 84 -28 -89 -83 26 -64 77 -19 -50 43 -51 -8 37 8 -51 -78 20 -94 69 -37 -70 -57 -80 -43 91 -83 69 -54 -66 33 -4 -23 -57 -49 -62 -57 -91 -76 -20 -1 18 85 11 -56 14 18 15 26 75 59 47 44 -89 29 -66 85 -100 -79 10 68 2 -76 -56 -17 -68 -23 -90 13 -40 38 64 -1 94 14 -92 24 24 -32 -5 93 61 -53 -44 -75 -61 -84 99 1 -88 -84 87 62 -66 -21 36 -50 9 12 90 66 -14 -55 -2 0 -12 61 25 26 57 -47 -55
87 10 -57 -85 -87 68 -23 51 10 -56 15 -68 30 -28 60 -9 4 -35 75 -87 30 24 -80 13 -91 26 -66 -7 -49 100 85 -82 -14 52 77 -93 -86 5 -40 -55 11 -70 79 36 8 31 -10 42 18 3 -19 -86 98 68 -56 12 -48 20 37 89 18 -30 8 36 5 90 -2 -20 -64 -35 22 90 -24 86 41 12 -18 -24 78 90 -47 -23 11 69 -41 -95 -49 77 -61 82 -46 64 7 -81 -99 -1 -41 20 -74 48 -20 60 -50 -65 32 50 -77 -2 -2 60 -63 8 52 -82 -100 71 30 -68 56 99 36 -88 16 50 -20 79 12 36 1 -75 -9 97 -81 61 35 -54 44 87 59 -14 -35 -67 -43 24 -44 -87 -98 -82 -14 44
33 84 95 -100 -17 -48 -96 39 -36 -60 -87 -51 -3 49 66 57 14 10 -96 -22 -71 94 9 20 -86 -51 -100 68 -6 -37 -19 31 30 -35 17 61 46 -38 96 1 92 58 20 -70 -69 75 8 85 61 62 -100 92 43 4 -89 56 24 83 86 53 76 1 22 -54 32 -15 38 38 93 -92 26 34 -50 -8 43 39 -70 61 87 29 -23 -88 -91 44 1 71 -71 76 83 -96 56 -1 32 57 87 8 -21 -27 47 -79 64 83 1 44 77 -80 84 37 -53 -52 51 58 -28 -1 36 -18 57 -65 -7 -57 12 25 -57 86 -8 74 -16 98 -41 -78 76 59 54 -32 -32 70 38 9 25 9 -83 -48 -18 -92 81 -1 20 34 -81 96
44 -67 -8 -21 34 -6 -38 82 45 -30 82 -60 66 -74 -1 11 -29 -5 68 50 53 -24 -87 20 87 63 -85 45 65 -26 -90 -85 -57 30 -96 44 83 85 -90 -1 52 44 60 -7 -97 47 79 55 -5 27 -76 -91 -92 29 -47 90 5 -70 -32 37 -80 93 94 7 -3 71 87 7 3 -35 -73 -42 -91 83 -35 -72 9 91 25 68 -18 -27 19 16 41 -36 52 19 53 35 74 56 -8 71 -69 15 -72 76 -3 8 -85 29 -39 -68 -18 -24 -32 -9 11 -13 -94 99 -85 -50 -55 89 -35 -85 28 -65 10 52 -79 -5 15 24 96 30 74 94 -63 -96 -53 -64 -57 -48 -81 -83 17 96 -80 -23 58 20 -80 35 -9 50 11 37
-23 94 -93 39 31 -25 -64 -7 -11 -27 -58 94 19 -98 59 15 -59 -23 -55 50 87 -36 -47 24 -5 -97 49 -67 0 -69 19 1 53 8 -80 -85 92 32 -25 -52 -15 47 -38 57 43 39 75 -80 2 -49 -65 68 -91 72 -24 29 -51 46 4 52 38 40 23 -100 -56 -29 6 -79 -8 55 -43 39 -48 35 -88 25 96 -1 98 83 5 -62 -12 -68 29 60 -43 -18 -51 24 -79 64 100 -40 86 17 -43 -86 95 66 88 -68 91 -1 -57 -94 -62 35 -16 -42 63 94 13 86 -86 -72 83 -86 -51 -87 7 -22 -96 -90 -38 20 55 -54 74 -69 -19 8 0 80 35 -38 -18 87 0 -33 97 -57 72 89 97 -16 17 91 -24 6
-17 5 10 63 1 16 83 -14 7 -25 -52 88 23 63 6 -93 77 62 93 64 -76 66 -83 30 -47 -82 13 -92 -60 -51 -21 -16 -59 91 -41 7 48 18 -21 81 20 83 50 -56 98 -58 21 38 -6 88 34 61 -62 98 92 -50 -37 92 -2 -17 93 22 -22 18 54 5 18 81 82 80 9 -73 74 -89 49 -91 -44 -41 -45 38 83 42 -37 50 76 -42 38 -99 55 95 0 -24 -54 -94 94 -78 -66 -12 -2 8 -33 66 3 65 42 -94 -31 50 -86 -1 43 -72 74 -89 87 74 16 78 17 -90 42 -57 -85 51 46 -99 86 85 20 -53 -74 -10 66 54 25 -100 -41 -53 -5 67 -26 -87 43 -93 -61 -90 -69 19 72 -84
-18 18 -88 82 -79 26 24 14 26 99 -77 6 -74 94 33 100 54 -32 -99 29 28 65 -75 -83 81 -1 -52 48 43 7 -90 14 -9 57 -59 61 87 -36 -76 84 82 -29 99 91 30 18 44 -100 -51 -41 -71 -35 -56 94 -28 -12 16 34 -63 -58 -76 90 19 -13 -49 -82 53 -13 -37 -60 -34 42 18 42 40 -57 76 -44 -28 -41 19 -42 50 -49 4 13 -98 15 -54 66 -90 -32 23 -13 79 20 78 50 -83 -100 -50 76 25 -1 69 -30 53 -68 -13 -54 7 -75 -55 38 -16 41 -38 -22 -69 8 63 81 32 52 -95 -29 24 -56 71 61 -81 2 63 50 -13 -98 16 16 -76 91 77 60 63 40 38 79 78 8 58 -71
-50 40 98 30 98 53 5 -71 87 59 4 91 -65 -52 -19 -71 -35 42 38 -87 86 -23 -2 -18 -60 -48 31 -15 -57 12 86 -2 -58 0 23 -7 -56 8 70 -84 89 -100 -69 11 -86 -31 -22 30 -92 -77 23 49 -62 1 -60 43 -20 80 77 82 -27 55 -75 -81 -93 82 72 67 -63 88 -85 42 54 -4 -10 77 38 34 -24 0 23 -37 40 -63 -58 -80 68 17 91 52 -52 -88 -2 80 -87 -25 -9 -91 30 59 -52 -56 66 42 21 19 23 -25 -57 -85 -11 97 45 -79 -20 -10 -42 -51 -6 86 53 -23 14 90 49 85 45 -62 88 71 17 75 99 -61 69 -86 73 -93 -57 71 -57 80 40 -68 -30 -87 56 4 86 74
-94 -88 -69 -49 -54 11 50 -81 -62 77 43 -84 -32 -84 22 -62 87 -40 -76 -76 26 19 44 87 32 65 32 -5 -43 25 -72 -9 27 -28 -13 -10 19 100 48 94 -27 23 -41 -37 24 -15 32 3 -2 12 11 -79 -76 -50 6 -37 41 1 44 22 75 -63 -5 16 94 45 -7 -60 -100 96 28 -50 -41 -29 -17 -22 0 33 9 -99 -57 21 31 94 -36 -31 -78 -86 89 -44 89 77 -17 -8 98 24 -84 -86 47 -9 -60 65 60 -14 52 -6 -81 46 77 -20 -61 97 -77 42 39 -82 75 -83 -78 59 89 -22 -100 -26 -65 -11 -6 -79 -60 -55 52 -92 -96 32 6 56 12 -88 -90 40 86 -17 -54 95 10 25 -41 -93 38 10
-36 72 -58 -19 -7 45 -22 47 46 -45 90 93 -28 -50 36 -47 -19 90 58 88 48 80 -97 -81 -74 -38 51 -32 -54 67 50 -50 -19 30 29 -83 -77 98 74 -76 -6 -45 -98 -51 44 38 45 0 73 -59 79 77 52 -9 55 -38 -95 -77 -16 33 -20 14 -3 -6 -53 3 -42 85 88 -66 -35 -97 -91 9 26 32 -47 -65 -76 -43 46 -5 -36 -1 -16 30 -78 -81 75 2 -58 39 -39 55 -66 90 -63 -27 2 -36 53 21 -3 -41 -100 98 -99 -50 75 25 -67 19 96 -50 59 -37 -40 -42 -55 -42 -66 33 56 -6 64 33 -79 -85 -56 -50 -38 62 47 12 43 86 -29 -62 -63 30 2 82 73 90 66 -97 -57 34 79 -83
-21 7 -22 -10 38 86 -58 24 -77 -92 -16 -92 -70 97 80 10 -83 -30 45 -32 70 35 43 7 6 -21 81 61 -14 8 66 4 -14 18 23 34 42 -85 -91 32 22 -82 -71 81 55 -34 -80 88 -23 40 75 -40 -49 -96 36 -32 -51 -67 22 24 -92 -55 47 46 -7 74 51 -6 23 27 63 -3 4 39 -17 46 -76 -51 -46 -65 86 -13 -14 52 -65 20 -38 -38 -85 42 -73 69 92 -32 -23 48 80 -14 -5 -89 -61 12 -57 -11 -56 49 -86 71 25 78 -20 55 50 2 -98 -44 84 22 -82 22 -22 68 -74 23 -68 68 -1 73 88 -22 -94 73 93 -58 35 -29 6 19 64 -55 4 -38 -7 64 -100 -80 70 90 77 74
-11 80 66 48 1 -100 -84 31 16 -67 -15 33 54 76 4 5 21 -40 67 83 -14 -69 94 -80 -59 -48 79 5 -51 64 40 20 79 52 59 58 3 1 65 64 -78 84 -43 34 -53 69 -43 -98 57 -16 -73 40 -70 -72 -48 -54 -60 -93 17 75 19 -85 1 8 1 7 -6 13 53 14 77 28 99 -7 26 -90 90 81 -80 -75 -8 33 2 -23 -69 -21 -58 81 -9 -71 -84 -4 -15 49 -81 -79 -9 41 12 2 -69 -35 78 -97 16 -43 100 36 -41 77 -13 72 -14 -74 57 -88 76 51 -79 -51 -73 -68 26 92 -69 -15 -77 -37 -53 8 -8 -93 31 89 25 1 15 30 61 -40 66 -65 49 91 78 99 40 -97 64 46
53 35 -14 -92 -56 -10 -100 -52 -84 -35 -93 -86 54 -47 88 71 36 48 96 -58 -5 -21 98 41 96 -92 69 5 34 -14 -73 -100 -20 33 48 -72 64 -62 72 71 15 -74 30 43 58 -30 3 67 81 16 -64 -19 -98 6 -86 -25 -74 -77 -61 10 -55 9 -49 71 -97 98 -92 -54 -11 83 -73 52 -5 -23 34 -98 4 -66 55 -98 85 10 31 73 -72 94 -28 77 69 7 100 63 -49 87 74 -5 92 -60 50 -6 40 31 6 20 44 -67 -7 -46 47 -26 -65 82 55 61 -56 -29 82 -99 99 69 49 -88 31 20 11 -35 69 -87 71 11 -37 49 -52 43 33 8 15 19 -25 -49 58 40 -54 -1 73 84 65 8 6 58
63 5 -36 73 -22 -40 60 -5 48 33 12 -81 74 -4 75 -100 59 66 78 59 37 -33 2 -89 67 -58 -58 38 81 31 77 -75 31 -36 9 -54 -9 -60 -6 -85 9 -80 80 -36 -27 82 23 -57 28 95 28 80 27 -78 -81 -33 97 75 -62 55 -8 -72 -12 2 64 79 -40 26 22 14 -15 9 4 56 75 86 -77 6 -90 -82 83 27 -22 95 29 -28 -90 90 68 -16 20 2 54 37 85 -54 65 -9 -13 28 82 99 27 90 37 -45 91 -54 5 70 0 -84 -77 -64 -93 -92 88 -23 30 -55 -18 -73 -36 67 37 86 21 5 -55 65 23 -10 -95 -76 -49 -21 66 -94 -70 90 57 -65 -30 -96 60 43 -38 -50 36 94
87 8 1 10 -72 51 89 17 4 79 99 58 -67 -85 93 -23 -2 48 22 -21 -100 75 -94 99 19 2 -62 -91 92 26 -93 95 84 69 14 87 -10 52 -14 56 -48 -28 -68 -38 -19 81 58 3 10 52 -57 36 -69 49 4 -92 -49 45 27 36 -58 56 -33 19 94 -56 4 88 -90 60 -84 -62 -33 -94 -44 -8 -30 91 -95 -22 -78 -86 -4 100 70 12 0 -98 84 15 58 18 -83 -72 52 -54 -23 -20 -90 -7 -61 92 25 -92 28 98 32 71 -48 87 96 5 85 19 -21 -35 -90 74 37 -36 85 58 73 72 28 22 -7 46 59 -100 -2 78 84 12 35 -54 78 19 -66 98 84 85 90 -40 -32 30 -84 -98 21 -54
84 -36 -56 -33 -19 -42 -70 1 -83 37 -28 52 -78 -96 97 -65 -27 36 34 -56 95 25 87 27 -94 51 60 75 -57 67 -12 40 -83 26 -8 50 13 -95 87 5 -76 82 87 53 -54 -17 60 -46 20 48 62 -70 58 90 13 -55 68 -76 84 87 -64 -31 36 62 18 87 96 -34 -41 0 47 6 42 98 100 56 25 16 32 92 -62 8 -21 -5 1 55 26 67 -62 82 -73 61 -3 -28 -69 -83 -14 -48 23 -95 82 -97 -27 99 -91 -32 41 90 7 -77 65 10 -79 100 -2 43 -22 71 38 -91 92 -43 -58 13 83 -27 60 69 -37 60 6 80 -29 -28 90 67 41 44 77 -15 -49 -29 43 81 -3 -62 88 -35 -5 -79
83 -87 -55 38 0 -9 -8 39 11 -30 -68 30 -52 -16 77 -56 -62 93 80 57 31 -51 95 -16 64 48 79 7 17 -18 10 -77 -93 -64 27 -37 -38 -74 36 -4 -51 -54 87 -51 66 30 19 -94 -40 -15 -24 55 27 -76 22 4 10 1 33 68 97 -20 -96 11 -93 66 89 75 -69 -5 34 -30 99 -52 -100 -37 -74 85 -28 95 -17 23 25 50 -75 -36 86 63 79 25 -98 -68 27 -5 -69 -28 67 79 82 -46 54 80 52 -64 94 95 -66 -8 79 -4 -34 -69 88 7 -26 -1 -25 10 -65 -80 -92 -61 -13 76 -81 -96 41 83 -93 -56 -5 -32 3 41 -74 -67 37 -48 82 69 28 -100 90 69 32 -99 43 90 -39 26
71 3 -93 -54 8 -79 -82 4 -13 64 33 33 -57 -11 29 16 9 -13 96 16 -97 29 6 -90 41 92 63 85 -8 11 98 91 -80 -40 47 26 38 4 6 50 -70 -84 18 1 13 34 6 -72 -46 65 -46 -77 61 88 -46 -76 14 -60 -21 -5 66 39 91 -18 76 20 -23 -29 73 -66 100 -1 32 84 30 30 5 -96 -51 40 -61 79 -31 4 -70 30 40 20 -57 29 -70 34 13 -11 -84 -15 -63 93 41 -87 -100 37 -60 -64 45 -89 -33 -97 -13 -71 75 -84 -36 -74 78 -51 -7 -43 90 -81 37 87 75 -92 -42 -61 9 -31 38 -72 7 -20 -6 -70 -32 -98 -16 30 -39 1 -25 -14 51 -43 -88 -68 28 55 -72 -37
-58 90 -86 71 -65 77 -2 -51 -43 -48 60 -99 93 17 86 19 57 -86 -66 -66 -19 -96 30 2 -14 -90 73 -33 -21 37 -15 -43 52 -50 -75 -68 -84 85 -43 44 -49 72 4 -74 68 -30 95 76 -99 69 -94 -12 -19 78 85 -6 90 -59 85 83 66 -22 -33 -72 76 85 -87 -88 -51 65 -19 -27 -55 9 -55 29 -62 -10 42 33 -69 96 48 46 39 -63 6 47 9 73 -10 -57 -21 18 -67 67 82 -87 -76 -29 -25 -4 -65 -47 -76 32 27 19 -22 50 -61 -33 15 -52 -37 -48 -41 -19 41 99 -78 59 -68 -17 14 -19 -10 27 -64 -72 -14 7 -67 93 13 23 93 52 53 -53 -53 -19 45 -70 29 22 -35 -2 79 1
4 87 48 -93 90 58 -52 -24 -61 -71 -9 64 16 8 53 -13 -76 95 73 -7 -77 -59 27 49 66 71 88 -1 -83 -22 -56 -38 -98 -65 15 -26 -74 18 -5 -96 4 -100 -51 84 -50 -96 -66 67 -51 -88 22 82 -43 -8 -35 22 35 -35 -38 57 71 87 90 -83 77 4 23 47 75 39 -14 12 94 -53 -79 -93 28 42 -48 91 56 48 -15 81 -6 -91 24 -66 98 16 -47 27 63 87 3 -5 8 37 27 -65 -51 57 5 36 -87 88 44 -97 85 8 -15 63 21 -80 18 -69 49 27 88 -94 42 63 45 -15 -56 36 -7 6 91 -35 -66 74 -59 -7 -16 72 54 86 -20 38 20 -49 69 6 -29 -1 -63 52 27 -41
-35 -60 51 15 93 100 9 64 -83 -38 68 -22 -84 -75 -52 58 -19 3 -39 -64 -55 31 -47 30 -14 -100 80 -22 -98 38 -86 6 -79 86 -72 27 9 36 -100 79 -49 93 15 25 21 94 -97 52 52 -6 79 -55 -14 89 -43 82 96 60 -45 28 84 56 -24 50 81 -31 55 -98 -46 -89 16 17 77 81 23 37 -37 99 -10 66 -1 29 47 -46 -86 -7 9 -13 -91 -3 -36 -60 -65 94 45 -100 60 85 2 -5 49 -51 20 23 56 49 -84 73 63 -69 99 82 -52 95 -94 -2 -34 -61 -42 -44 -28 17 80 90 8 33 -79 78 -90 17 2 -86 -16 70 -42 -56 -3 -43 -77 -23 -51 -15 -68 -24 -15 96 22 77 -26 28
-75 -22 55 -82 71 -33 -89 -19 -59 -19 -13 6 18 -93 -16 63 91 -2 80 7 90 23 69 61 1 91 0 -100 -19 -50 -25 43 99 0 47 -24 -96 -96 30 -94 11 -25 1 -73 91 -44 -83 29 76 -88 -36 56 -9 -31 70 -89 23 17 14 -78 82 73 -32 -86 -79 12 83 -76 14 -65 31 44 71 49 -83 -25 1 -89 78 22 -15 -18 -5 23 -89 -44 18 74 70 -58 -91 34 -70 73 -53 -69 -31 -80 66 -68 -65 -78 -67 66 89 79 -39 7 48 79 90 -31 48 51 71 -93 -78 -17 95 -72 -93 22 29 -61 -86 -58 40 10 97 -65 7 -9 19 -53 48 -96 3 -96 75 68 12 66 51 60 -100 -17 19 -75 -9 -92
31 -3 -45 10 67 -33 -32 82 83 -57 76 19 -12 -66 24 25 9 -68 -22 -24 -32 -15 -85 -4 17 -28 48 88 -68 28 51 99 100 -46 67 42 -69 -60 99 26 -5 -30 97 -17 -1 9 -94 -78 -20 71 -12 -28 45 -22 -71 -69 -89 26 94 -77 52 36 -93 -23 8 -74 -21 -96 73 5 -4 -69 26 21 -4 28 -70 38 -56 -70 28 -82 55 39 -9 -93 -66 42 50 -7 -48 12 61 -39 -4 64 -98 -32 -91 76 -53 23 -65 -9 -62 -42 -85 88 2 -86 -29 -30 -17 35 -42 -74 10 -47 53 -97 -58 -66 20 40 -40 -37 71 -90 -88 6 -92 -51 -78 -87 56 -73 -42 -61 65 98 -60 -73 -53 97 23 18 42 -6 -20 -40
-15 100 -82 92 65 -46 -54 -12 -85 3 -69 22 57 7 37 -43 -45 -9 47 71 73 60 38 -28 -28 -49 52 -90 -18 8 -65 5 49 -63 -21 60 51 -65 5 -7 -27 -80 59 8 2 -79 39 98 75 74 54 -49 -88 -100 59 63 -82 -36 50 74 8 78 23 -35 70 36 -31 76 5 55 44 3 -94 58 31 -5 17 23 62 -66 39 -95 5 10 -82 42 68 -32 -20 -12 -13 31 51 -20 4 99 7 2 25 -3 -66 -37 -30 4 47 -42 39 70 79 66 58 2 -39 70 7 46 70 59 11 86 -91 10 -11 -64 1 -42 -49 -41 9 -84 44 31 -63 12 86 11 -19 56 95 63 -15 -78 77 -29 30 -48 -22 93 -89 51
-37 -36 99 -57 -8 69 -29 -90 87 -66 -48 -51 82 31 97 6 -31 -23 75 -70 -4 10 -44 10 -89 56 4 74 -65 -8 -92 -66 -57 -69 70 89 12 -51 -21 1 -77 69 90 50 -31 60 2 -94 -40 72 77 16 7 -63 -59 -35 89 -22 -28 73 -69 -51 -89 7 -85 -97 -50 -38 4 6 -27 88 -41 37 -38 -9 -67 -49 77 77 46 1 11 -38 69 88 34 -55 56 25 9 -27 -52 -49 23 41 44 1 -71 61 43 -6 -66 -90 24 -53 44 -51 -86 20 84 27 86 -58 -100 67 74 -15 35 -20 58 61 63 -82 78 58 81 -79 -6 -7 66 13 -96 -45 29 48 -81 30 38 -5 -91 -91 -43 85 100 -46 -44 72 -8 -66
-99 38 37 -58 28 13 86 -53 53 -76 -83 -84 67 -46 -55 -35 -56 19 -68 -99 100 -36 41 -75 70 73 -28 -39 98 -8 -52 42 10 91 53 62 -17 35 36 68 -3 -92 -60 51 41 -85 4 90 -73 -28 -9 80 -31 -11 -64 -97 -30 81 12 -92 0 99 87 -32 -22 -38 72 -75 -89 -16 96 -35 -17 -74 98 -49 18 -63 92 52 42 -50 63 -67 -70 90 35 -91 80 87 -70 -59 25 -89 27 -77 -64 -50 21 0 49 -8 -50 -24 -33 -14 10 40 65 70 -96 10 66 -44 -26 39 -97 10 -42 94 -40 73 -50 -22 62 62 21 -4 -50 -2 86 -83 7 -28 -55 -55 -43 84 100 6 36 -54 31 63 -71 -59 9 -81 3 -43
-27 38 47 -76 -73 29 -14 36 -70 -86 22 -30 69 74 65 75 -8 68 -15 42 16 26 -91 -46 57 4 -86 46 73 -97 -59 -97 17 -72 1 15 100 -52 -70 -18 80 -97 -82 -95 -27 72 42 20 28 56 -39 5 99 63 75 51 -38 -87 85 22 -73 -89 46 59 70 15 -56 89 -32 85 94 -47 -74 -17 21 -70 -98 -45 -79 56 39 -71 -40 -24 93 -26 51 -34 12 -74 -1 3 -53 -49 51 -81 82 -44 30 74 -5 -26 -35 -44 6 -30 -18 98 -17 -83 86 91 -78 47 -61 77 11 50 2 -55 65 -78 -31 65 52 0 45 -49 59 -54 -23 8 41 27 -98 14 1 83 -21 86 4 84 -71 11 31 -36 -99 -98 49 -70
-41 69 5 2 72 6 -50 -43 -79 -14 -12 -49 -47 -27 49 35 -11 -86 -85 32 -26 5 -18 -77 -27 -63 -25 20 3 -41 7 -65 4 95 92 96 24 92 -75 11 56 -42 -79 94 -69 43 35 -5 -69 48 -72 -33 54 -22 70 78 8 25 -8 -59 32 -42 -33 -58 24 -68 30 42 96 -69 -41 1 -42 75 17 -28 34 -29 -60 10 56 -72 80 -94 -94 -83 -42 69 -76 85 78 -85 34 66 5 27 -58 -18 -38 -50 82 -29 95 -13 -18 85 81 65 -30 -65 4 -44 72 34 29 -47 42 -71 -11 -36 69 72 -4 -24 -23 -14 -89 100 -74 -100 -38 -24 -90 -4 37 -22 -81 -34 30 -89 -15 -89 17 -9 97 -51 -8 -8 -8 90
30 58 11 -93 96 -53 -98 90 -64 -45 34 -90 49 -68 -99 21 -80 -62 36 100 7 -84 31 87 -13 37 -42 -65 -80 -63 -39 57 53 -47 34 95 99 -93 38 -99 1 71 -79 3 -51 -72 25 89 79 -23 49 72 -44 59 87 92 -83 -88 -39 -41 52 -16 -64 0 -31 -27 -93 50 4 -91 -73 -28 -20 91 -18 -59 71 -80 23 -64 -52 -10 -41 -12 -73 -18 26 23 70 24 -18 -19 -72 54 -28 54 19 7 15 -44 63 78 -53 33 -51 27 -44 -69 -57 89 -16 72 79 -7 32 -59 8 41 88 -49 -15 -72 -43 95 42 31 -46 -84 -68 -33 94 -25 -66 100 -94 94 47 -53 66 -83 -28 -61 -15 17 96 -74 -32 -68 44 -27
77 -55 -67 -4 -21 -78 -78 10 -58 -37 10 -66 -11 6 -3 22 44 53 62 27 -56 40 85 -13 -33 4 -20 4 68 -32 -44 -63 -67 -25 -93 82 52 -87 50 44 4 -56 34 16 87 -8 -35 75 -69 1 -43 0 19 81 -37 71 69 73 -45 -2 8 -47 -18 13 -16 -1 -88 -35 10 -25 84 -99 -36 25 15 22 11 19 37 35 54 -36 -61 -52 -98 42 -65 -15 84 -23 1 -57 21 65 -60 -84 -62 22 100 23 -25 -16 9 16 26 -31 4 19 -69 42 4 18 89 -16 39 7 -42 2 -61 -33 64 76 -47 -88 -78 54 -67 96 -58 -25 -93 47 -100 54 -33 -41 33 50 -51 -16 -38 -5 91 -98 -54 76 55 82 -5 -94
91 -57 -100 17 74 -54 -19 37 -86 74 -23 65 -68 74 -42 -64 84 -52 28 53 -41 57 39 15 46 49 -50 9 -77 95 -10 -74 -34 -64 -100 -63 32 46 17 -48 82 -17 1 -27 -100 71 69 76 20 96 -51 90 60 96 34 79 88 -3 42 -22 -54 17 99 -6 -47 -88 -36 -28 50 13 86 81 78 88 -36 -21 -97 -29 56 -98 9 56 -98 11 19 92 -75 -86 22 -26 -91 100 -45 50 -47 -87 -37 65 30 -64 49 -54 47 32 88 -100 30 14 78 41 -50 -12 -81 -25 -9 -27 14 -13 34 27 -97 29 -88 47 -63 -12 13 -96 -43 -55 83 35 -37 -65 93 34 -59 38 47 74 29 41 -83 24 81 -45 14 -31 73 -39
-50 74 2 35 3 19 1 64 -21 -14 -78 -1 8 -71 97 59 7 61 69 29 -93 -75 39 94 -47 -6 -85 27 -60 -27 -87 0 60 -84 -60 -78 24 42 75 19 -84 6 75 5 -57 39 3 46 14 60 1 -56 -99 70 96 43 4 -42 67 43 0 -1 67 74 -4 55 -77 29 41 14 17 74 14 -79 -52 33 61 -69 -97 83 86 -30 -10 90 58 10 -83 20 17 33 38 -29 -58 -63 -41 -54 12 -84 -33 -79 75 66 34 -55 67 17 85 -30 35 9 97 -45 6 -5 62 -74 84 -33 78 -77 37 -17 74 38 35 -27 74 -45 97 -43 20 -86 -77 6 49 56 -30 61 -12 2 93 60 19 -93 49 -87 83 -4 -63 84
-71 -87 -99 -24 -17 5 54 77 -38 -56 63 49 -24 -53 -7 -93 41 -69 -89 81 39 39 95 -48 -60 75 -99 59 22 -72 82 -54 75 -15 72 -40 67 31 39 -74 -33 -92 29 7 -88 -98 -93 -7 96 -99 -25 79 -68 -93 2 -64 -35 -63 92 42 -6 -34 86 70 -47 44 15 -50 38 -48 -14 61 -66 -30 -81 33 67 -83 80 35 15 94 78 45 -43 -63 -48 16 42 59 33 29 34 -48 43 3 78 93 -68 -78 69 -63 89 33 -51 -28 -18 37 -41 25 44 -78 36 -76 -91 -10 -36 -27 -48 83 -33 -10 -84 70 46 41 -91 77 2 -38 -9 21 -32 -30 -48 -38 84 6 -72 -74 28 33 80 93 15 -50 -21 -9 -84 -76
-18 -10 45 85 50 -40 -74 56 18 -66 87 -25 -86 -9 67 57 3 -56 -38 -49 51 75 7 58 -21 -39 -91 -78 -64 -12 -52 -62 54 -47 -41 -74 87 93 26 97 48 -69 95 86 -72 -49 90 83 -37 88 16 -32 -77 69 -84 -41 31 -80 62 -30 -20 24 -82 64 73 -28 -6 -64 14 -59 20 -40 36 78 -84 -77 -35 -79 76 -71 76 58 -74 -11 -56 -96 -17 -32 -59 -55 26 22 -71 -11 60 -58 72 -85 96 10 46 55 -15 -89 -56 66 -94 96 60 45 32 62 1 -58 22 -37 91 -64 -23 15 -52 -75 66 23 -47 -74 -40 -41 -84 -36 68 -98 71 -95 -60 22 68 14 -64 47 100 52 94 -26 30 16 -38 64 31 -23
-6 -25 48 16 8 89 29 -75 50 98 89 44 -69 -40 -91 46 22 23 35 -58 76 -19 -76 -88 97 62 52 -75 -2 -96 97 -71 -21 15 -56 -31 30 -51 92 -3 -31 36 -55 16 19 -37 83 -87 52 -99 84 54 -48 23 -94 95 -3 9 10 88 -16 35 -93 47 -26 -47 52 -91 47 76 84 -51 47 -11 48 51 -74 -60 7 -68 -74 22 36 -73 -38 -94 -78 84 -1 92 56 90 -57 -9 76 25 56 30 39 -46 42 88 -43 74 4 -28 46 64 -13 42 56 33 79 36 41 19 -26 -65 -58 50 -40 48 11 32 70 -79 83 -84 -32 26 77 -81 26 99 -4 -91 36 -92 -49 -8 9 -84 86 -81 -63 78 95 3 -75 -24
-47 -34 13 -77 56 -91 -53 71 -56 27 82 74 50 -70 74 -84 -34 15 -38 -29 -69 69 -3 -83 -79 -74 59 56 24 88 -31 -19 -73 17 84 -45 -28 -39 0 14 83 -50 -42 -91 26 19 64 93 -58 -60 -32 -47 -82 45 38 -40 13 0 38 35 16 -38 38 46 -36 72 83 75 -66 65 -44 53 46 21 -47 99 -52 48 -12 24 -36 -96 25 26 -7 86 -35 -5 96 87 40 79 73 47 47 -66 -36 -11 -72 7 98 -34 13 34 41 62 89 -59 -48 -53 64 46 80 -72 -59 92 100 69 71 72 82 49 30 88 31 57 8 90 -89 -60 87 -23 -91 -37 -38 19 -24 -44 53 -55 52 -53 -13 1 95 -47 66 32 19 -17
-14 59 -33 -20 55 24 -12 64 -82 -47 -39 96 88 -30 -34 -78 62 -78 93 -33 47 -46 82 -92 85 81 -49 -9 80 23 17 -24 80 -47 24 -26 85 58 -67 -67 11 -97 -19 90 69 46 31 1 -20 64 76 -60 -84 -88 85 69 65 85 23 -68 -15 -69 -17 -12 -22 -51 90 30 44 35 -26 -24 28 -19 88 76 32 -82 -95 34 44 -76 -10 -83 -94 36 64 75 -32 -49 51 64 17 -54 -68 99 61 83 -77 32 75 24 55 1 -42 -90 -32 -30 57 36 64 -100 97 -59 -44 -36 -79 -59 9 -84 -43 -80 44 24 26 -5 56 61 -26 -56 55 -98 -93 -51 -68 56 -94 82 31 71 24 -31 42 -57 -76 -89 86 16 56 86
77 30 52 6 80 -83 -70 91 19 62 -95 -71 -96 -37 7 -47 -96 -71 77 72 38 91 -81 42 -19 10 40 -47 -57 16 100 57 -24 -34 12 -4 71 15 4 34 -18 -53 -33 -55 64 72 -39 -69 48 41 94 1 -52 49 12 81 18 -13 -98 84 -11 -1 26 -65 -99 52 52 89 -28 69 26 32 -58 -67 39 -8 -5 -24 -9 -14 -45 30 61 -68 -58 11 19 21 -35 -82 -89 -50 -64 -54 92 10 -7 82 48 69 35 41 40 10 -55 -35 71 -26 27 93 38 -32 -96 94 -16 37 69 -15 -5 -32 52 71 -98 76 -80 -67 88 -9 -40 46 49 13 44 5 23 77 -77 30 86 -8 58 -82 -29 -58 67 61 -45 77 -14 81
-52 31 33 -56 -19 75 39 -1 -100 83 -6 -3 90 -18 -2 22 44 -16 29 -59 -59 -54 78 78 -92 3 19 -93 20 8 -70 42 35 37 -59 -50 -80 -14 99 84 95 -3 -60 -4 -96 14 -35 23 70 -79 -23 7 -76 -25 86 73 -22 71 58 -58 -15 -11 41 97 -95 -35 -92 -28 46 12 -68 -1 11 92 73 -55 -47 -86 33 -83 3 82 29 83 -76 -15 60 -51 85 -13 -49 79 -93 -27 84 -85 85 -95 24 65 -30 -4 3 23 -30 -38 -18 23 7 -22 -3 -40 64 -18 89 17 -44 -32 54 -72 51 18 86 30 71 74 99 17 -60 -100 36 20 99 35 -10 -82 -30 3 64 30 49 -24 -86 -1 56 86 -2 -53 -69 75
-45 -65 98 -76 31 39 97 -44 -19 -62 -45 -43 70 62 50 -8 65 -95 -67 -60 49 38 -93 60 42 12 -79 -97 64 -73 -69 -60 -51 75 -20 -90 -23 -10 15 -8 -58 79 8 4 38 -87 32 -74 6 90 13 -46 17 67 -34 -77 99 27 3 58 -42 -35 -95 -41 -35 -28 11 -63 72 -23 -92 -74 53 76 -86 -5 -89 -46 35 -67 81 59 -19 63 -21 -93 -10 -79 -96 60 -74 -11 75 -61 58 -84 65 77 -37 -44 64 40 -41 80 -23 22 -52 77 51 -51 29 -83 -62 62 -89 -85 -26 -69 31 100 77 -7 -65 72 64 37 59 88 -79 20 -2 -39 -45 -100 -3 -71 31 77 20 54 55 12 14 -73 -7 78 -54 57 48 94
29 86 85 -23 -93 90 76 -97 -59 -63 33 -96 17 -67 -38 -57 75 40 -21 -39 -43 -54 87 -88 -54 84 67 -80 -10 -28 -41 17 44 -13 27 -72 -63 -32 15 74 25 100 -18 69 -63 39 -11 -56 20 5 -71 -15 -92 -71 59 76 33 -1 25 -42 68 -30 -67 15 70 -70 54 36 73 18 82 1 89 -72 -10 78 -64 -71 89 87 53 -39 31 80 58 7 25 -30 81 -8 52 -60 6 -99 -99 20 -60 -73 83 -13 -4 -2 -15 82 78 97 66 -19 -47 76 18 -49 -86 74 -51 64 24 22 -65 31 67 -46 -25 -40 -44 46 -87 44 -92 68 0 -49 62 -6 -94 89 -10 -93 49 -1 72 33 -82 58 -60 -75 -72 82 -65 -45
-49 40 -72 65 44 -76 64 -94 20 41 -44 -95 -10 83 94 -43 -95 -92 -90 -6 -3 -47 2 -60 -33 78 41 -27 -67 -38 -26 -56 -30 35 -90 -79 65 -73 -94 -44 -38 -50 30 -86 -37 -23 -52 -63 -7 -26 -28 22 -63 40 20 -50 7 78 -18 -23 -85 -71 84 3 96 21 -37 68 -74 52 -7 10 -66 88 -86 31 -51 82 -1 17 -53 56 74 -68 -22 63 -50 47 -61 -28 -69 -47 -3 -26 55 16 8 2 31 -86 -22 40 -56 10 -42 -33 14 -9 45 -5 -11 -100 -53 -39 41 -1 -38 -93 31 -92 68 80 42 48 -24 97 47 6 89 -45 47 -19 1 9 -44 -72 36 72 39 -53 -3 -20 26 -26 -63 25 82 -63 -93 7
-72 97 49 33 -72 48 -78 -27 -62 84 55 -76 65 40 -62 -3 54 -7 8 -67 100 69 26 34 -70 87 35 78 27 57 -59 -85 43 23 -72 21 -72 -70 79 -36 33 61 24 66 87 -89 58 -20 -34 41 -19 7 -2 40 24 -48 9 -22 -25 51 69 -16 27 -33 2 6 -84 -20 -63 85 -96 85 100 1 62 56 -70 -81 -98 -63 98 95 -65 62 -78 55 97 95 43 77 98 -5 -39 -48 -20 -44 65 22 -41 -97 44 29 -96 -23 -62 38 14 -100 59 -91 72 70 -28 5 84 72 -96 -15 -22 73 -98 87 -55 -82 88 -91 -3 -44 -33 32 74 4 -29 73 -76 97 -79 89 -14 -83 78 -64 -19 -34 -29 -72 -67 29 -26 91
50 -10 23 15 93 59 -29 74 -29 56 -8 -87 87 6 42 -55 2 -58 22 -39 56 28 47 -78 17 -9 -71 86 -3 60 -5 48 53 -100 -33 48 66 -26 -78 100 -97 -7 -77 -38 71 27 -45 15 -1 -14 88 76 72 -84 -19 -21 -90 68 -26 -35 -93 -86 56 -9 -9 -68 -56 -19 -42 -63 93 38 -34 2 -73 -67 -68 62 -45 70 40 66 -64 84 43 -61 -84 -74 50 -100 45 -39 -66 -26 89 3 1 79 -87 -33 6 81 62 37 -27 7 -66 33 77 31 -33 61 -42 -76 2 79 -23 -63 -79 29 90 33 35 20 25 -26 79 -43 34 -80 42 -9 76 -84 -5 -98 -45 63 31 -96 -69 48 -40 51 -39 97 -45 14 9 -30
23 0 39 -54 66 51 47 55 -70 -71 17 -20 97 -82 -48 74 -99 38 55 -52 -85 25 -82 -77 -85 98 50 41 51 30 19 57 -46 -1 29 6 -82 -87 34 78 -15 78 -65 29 -1 -74 -61 -47 -23 81 -92 -73 -31 -98 45 -22 -3 4 88 40 3 -39 90 31 95 -92 -81 79 33 52 33 -64 -92 -7 -64 -88 39 -91 -28 58 -89 84 12 -34 7 86 -5 52 -22 -61 -44 -46 -27 32 31 -13 -25 30 -28 -84 1 45 -63 33 -11 55 37 -26 -66 -31 64 -2 -52 80 -40 -19 -46 81 -32 -87 74 -73 -85 17 -48 82 88 68 -49 -75 41 94 -75 17 -38 -79 -22 -91 -67 -28 80 54 -2 -98 -15 -87 -69 -93 -44 -48
95 37 -21 -77 -54 85 47 52 83 21 -76 -77 -66 -19 73 -89 -49 30 80 -70 16 33 61 -31 89 -71 -100 -6 -76 63 1 -19 21 -19 -30 20 -70 79 -40 47 53 32 -41 44 -43 -100 49 -84 -13 68 40 39 67 89 -91 -33 25 73 64 -15 -100 -38 68 -70 -30 -69 -68 31 8 89 -46 -37 -18 -17 27 43 1 -60 -19 -50 30 -80 -11 -40 -25 -62 49 -37 21 75 -37 57 14 42 88 75 -29 -87 -10 -42 -44 72 24 -39 -95 -38 -23 -7 -75 24 89 78 79 92 -37 -4 -91 -50 40 -18 76 26 -21 -13 73 -99 -82 18 19 -48 -87 98 -15 -6 65 -31 81 74 -23 58 -31 -73 77 -92 -12 52 -57 45 -56 50
82 4 6 4 -61 41 93 85 44 -3 100 11 8 -13 92 58 25 -6 -68 70 52 -39 75 -71 -73 -12 -6 80 46 40 93 -29 68 91 77 13 13 75 72 41 -54 -63 97 -66 -24 -90 -7 88 -52 31 93 -52 -74 -93 43 -12 37 32 -28 -26 44 61 -89 27 65 -74 5 35 -47 20 -100 57 -82 65 96 95 44 81 -97 3 -74 -43 -91 82 -21 -11 35 -59 -83 27 7 58 66 95 -6 89 6 40 -81 -28 -88 -98 -20 -70 -79 -46 -36 -30 -95 -83 98 -55 -14 77 15 80 54 -95 -34 55 11 -53 9 5 18 -66 -37 -45 64 53 6 -63 89 -1 -16 -3 38 -66 -91 -71 -88 -79 -99 -80 -16 45 -96 62 25 67
-26 -80 68 -24 -26 62 -78 -99 -74 72 93 12 -22 -25 39 -11 78 -84 -58 -55 88 57 -9 -99 -54 -14 -15 -35 90 48 64 38 27 -27 2 -66 56 -94 -57 -25 -40 66 -9 -59 31 54 -45 23 40 34 -17 -44 -92 97 -57 78 45 91 38 -31 26 -53 80 91 51 -46 -99 -25 -58 38 75 5 64 -37 -20 74 -60 -97 57 -24 -48 0 11 -74 -89 74 -28 25 -94 89 -67 35 69 -93 -79 -83 34 94 -88 99 37 -93 -23 51 -26 -59 -70 -43 -48 -77 45 -35 47 54 29 54 -57 88 -53 -9 -4 -17 -48 -20 -100 50 -76 41 100 -61 74 15 39 30 87 18 -67 79 -72 -14 59 -68 -85 -95 -52 73 -66 -69 -10 -34
-6 56 16 33 -78 -18 6 61 -42 -57 -58 78 -36 -78 31 -71 -4 75 -98 -59 64 95 19 2 43 -80 7 57 -42 -63 35 60 -69 -15 -85 -52 64 63 -48 7 40 10 -10 96 -20 -92 -66 -2 -27 -12 54 -22 -83 76 63 97 -3 -77 39 -60 85 27 -2 -11 6 -31 46 -26 88 54 -50 -10 -96 -63 -30 80 87 -12 -54 36 63 -52 16 -100 76 52 -99 43 -94 42 -49 54 94 -39 74 -58 29 -98 -21 -91 70 -42 -2 3 34 -82 -82 63 -42 -29 -61 -59 -68 -45 -48 -84 21 -97 -31 -79 -46 -75 12 5 -39 -53 -72 -53 -25 18 -95 39 87 13 -13 16 -11 -4 -95 48 -33 -94 86 68 -74 -67 -3 -29 -35 68
-14 41 -93 -9 78 59 -31 -60 9 1 -20 71 -93 72 10 -71 97 84 5 -58 -60 -19 37 -56 32 82 49 90 7 -76 83 -70 -57 69 -41 -15 -45 25 -5 54 31 67 -8 91 -86 16 88 24 73 47 -48 -8 84 52 -28 44 -6 -51 -37 33 40 -53 -32 -57 80 81 -31 93 -92 -39 -74 -41 -32 77 -4 -57 -37 51 -94 -60 84 -53 -83 20 2 -15 -44 -74 71 47 -67 -66 66 -14 50 -93 -87 81 69 31 -59 10 90 8 38 29 -8 -51 -38 -36 62 -8 -57 36 -7 -65 -82 -37 -35 -31 60 7 27 -77 -95 46 -58 82 -96 -62 93 35 68 22 24 -55 19 100 57 -65 -87 67 38 -79 32 -84 -63 43 -58 -23
96 1 -38 68 -13 -11 -14 -72 -36 -84 54 -34 45 -60 53 26 -19 82 49 -28 70 -89 -68 -80 47 71 -51 -89 -22 -57 34 93 96 -55 -57 82 -12 -47 56 -35 28 5 -16 -30 1 72 66 -52 -48 -74 93 97 -24 22 98 70 -37 -97 -19 40 42 -71 84 -75 -8 85 -57 55 9 -11 9 -14 90 13 -98 -80 -45 83 -71 -52 19 28 -30 64 29 -26 -7 -30 52 37 82 71 -84 16 31 -55 72 34 -88 71 24 95 -31 72 -32 -52 -5 -91 99 64 -35 68 -55 -33 91 -5 -67 87 -48 16 0 19 -91 48 -8 10 1 -54 -49 36 0 82 -16 -91 94 35 95 34 4 -45 17 52 0 -75 -91 78 4 -1 24 -40
-2 34 -3 -19 90 -73 88 -18 -9 -93 -18 64 -67 19 30 41 -42 65 -42 -18 45 37 28 23 -72 30 -11 33 -94 -17 -78 -54 -99 25 -74 44 -28 -49 -12 -13 -96 37 82 40 -90 60 -31 46 -95 -74 80 -34 -38 63 -93 -61 -34 -18 -30 -91 -77 -60 30 9 84 66 12 17 -13 55 27 -29 -27 -44 -99 -28 -56 57 -56 -36 -82 -40 93 74 -48 0 -30 -55 70 24 41 5 -4 -13 -97 -49 -76 -76 -42 21 -13 -100 40 -23 97 -65 60 -55 -22 -74 87 43 -35 38 -58 45 -67 -15 69 -25 -71 -100 79 70 -84 -33 98 -34 35 57 64 -33 -1 75 -100 -17 -44 88 1 -30 -7 38 -3 97 -33 85 -90 96 99 85
-10 47 -49 30 67 27 -75 56 17 21 48 -89 8 -5 -20 75 21 54 91 3 67 -47 32 84 -64 -62 95 -53 43 -67 63 -27 24 14 -77 -87 -35 -74 -23 48 76 52 54 -35 37 12 -98 -73 100 62 41 11 2 48 -56 -91 76 22 41 -56 2 50 -27 23 -18 -18 85 30 35 -63 80 -20 2 -49 13 86 20 -78 65 -96 85 -22 18 -75 -27 -20 80 11 -5 85 -53 85 -44 64 -18 38 5 15 14 81 -21 -85 44 1 -92 -7 -40 72 -80 65 -95 -51 85 27 6 89 -15 -27 -42 99 -80 -58 -67 69 -16 55 90 -28 -37 -49 92 30 -3 -20 65 50 27 -81 -27 47 10 -69 -96 58 -91 -71 -29 92 7 28
-82 66 76 -30 79 -12 -2 -15 51 -79 71 -60 49 73 65 2 -52 55 -35 -80 8 8 -23 28 7 32 29 91 60 -29 -62 -27 -55 -78 55 35 -31 -31 61 48 -59 35 -45 70 -96 -84 -97 -47 71 -92 44 81 28 -27 99 -27 59 -18 74 36 81 94 86 9 72 66 -48 -71 -52 80 40 89 -58 38 -87 -58 -81 -55 52 -37 90 -27 21 -36 96 -3 34 25 -70 -73 69 -57 13 9 96 25 92 86 -69 -61 6 -96 -79 -82 85 -49 5 80 94 41 60 -90 -9 41 -51 -77 21 -60 16 -1 -47 91 70 18 -17 74 42 -89 -38 40 80 97 57 0 -29 35 60 93 73 90 99 79 19 96 -74 -34 67 28 87 -32
-73 -49 -44 88 8 92 70 92 -73 -84 -92 -9 46 -37 100 57 68 68 -72 13 -30 -64 18 86 64 82 80 -4 -66 -78 47 -99 -82 -63 43 -34 59 34 57 65 -54 -57 -9 58 -31 30 -23 43 85 -26 -1 53 36 -38 -7 -14 -86 -98 59 -83 31 22 94 -95 27 -11 22 -10 -87 13 73 -54 -15 -77 -74 13 59 36 -70 -52 -52 -39 13 -1 -84 8 -44 23 36 -50 -76 -50 -42 -29 -46 16 -32 92 22 -62 19 -48 91 15 72 14 59 45 -78 -77 38 56 42 91 12 24 43 41 -56 -53 -62 -19 78 81 30 12 50 89 96 64 -57 47 38 -99 -15 -86 -74 -71 -3 -73 -96 -28 94 86 -20 42 20 48 32 -87
83 -63 71 -84 -100 19 -56 -68 75 32 1 79 -64 -89 -91 -75 5 -67 67 5 -38 45 89 79 -72 7 -98 44 -93 -7 39 78 -1 39 46 -61 72 -53 94 -94 -72 -16 47 74 -13 40 97 -76 -35 46 -21 -70 -33 74 -82 37 95 78 -99 -59 53 49 45 -78 99 -66 72 -41 -53 -7 35 38 83 -17 33 88 56 75 -75 26 99 -21 -90 -9 80 51 87 95 39 54 33 -66 -25 -68 43 -45 45 55 -59 1 94 82 74 -7 67 87 -51 -96 45 49 49 39 86 21 10 43 30 -21 32 -75 -84 62 57 54 37 60 57 -43 -35 -14 -48 -99 -64 -85 -77 49 51 92 59 -72 -53 62 -88 -83 20 59 17 -89 15 -71
38 73 -19 -67 -30 -31 44 41 63 -83 -72 56 -74 -47 -72 11 -32 -89 69 29 -6 16 -2 47 -94 -73 57 -36 67 -57 -43 -69 -35 72 94 6 71 24 -2 -12 40 -14 -38 -28 -36 -10 -91 79 66 45 2 79 -66 -44 -92 -68 34 -50 -67 -49 -82 3 61 -23 -75 -87 81 -97 -83 32 -58 -53 -62 -27 89 -76 -75 8 16 18 -55 10 45 -24 23 -45 92 -49 3 26 -49 -75 69 87 91 86 47 30 -55 70 -35 98 73 -99 79 14 24 88 74 87 64 -63 -14 11 49 20 -33 -48 -33 -4 50 35 30 -69 45 94 100 -27 -82 0 -3 -40 -20 -28 -72 11 -76 91 35 -4 -70 50 -47 8 37 -24 -100 -41 67 61
-14 -64 93 67 -60 37 -40 -75 17 59 -99 35 -45 50 32 73 -93 39 -34 10 -13 -5 89 -39 -7 7 -76 -14 42 -21 -43 -38 -48 57 85 -66 -39 80 17 63 -45 27 85 84 -81 -83 64 73 48 19 -55 53 -59 -18 -61 -40 -50 67 81 -87 53 67 62 -46 26 -38 -31 4 -17 -93 64 84 14 -3 -51 28 61 -65 -51 2 -4 83 -55 45 -12 50 80 -99 35 -100 11 -96 60 -23 -99 -7 4 -19 79 99 61 -68 -99 83 78 -18 67 -66 -93 -84 75 -47 -35 -36 -8 -63 -56 59 67 76 -63 11 -12 -3 66 -91 -79 94 87 36 22 -93 -51 61 -6 4 -97 -60 8 -70 41 -10 -22 -66 -97 -59 -17 -8 86 18
99 -100 -41 59 28 74 -80 -89 -86 23 26 1 -37 -81 2 2 -85 60 83 -13 -95 32 47 46 -63 6 10 -19 50 -42 22 34 -30 -42 55 6 -74 -71 -97 95 -28 -7 97 99 57 51 63 20 97 -21 7 46 18 -73 25 24 -12 65 -51 5 84 -5 8 -78 -33 43 -81 -56 74 -88 -75 70 -63 -29 -57 -14 -93 -45 44 86 -12 96 -80 39 40 -91 -62 69 60 -39 7 38 70 72 85 -90 8 99 44 61 85 -6 -67 -85 -57 -25 76 96 76 -94 -41 67 -6 -84 24 89 43 -97 -21 58 -96 69 87 45 43 -84 -58 46 68 18 29 -68 -92 78 89 -48 54 -96 -11 18 35 79 -95 -42 89 11 -51 -73 -30 48
-27 53 55 -19 64 29 -22 -9 88 91 -38 98 5 -6 -89 12 23 -60 99 79 57 12 79 7 47 81 -83 13 -64 64 31 -95 -97 -6 -37 -15 -2 -38 50 -42 -39 -48 -42 70 42 25 76 27 -41 -59 95 28 15 -59 -33 1 45 -76 29 -19 -57 67 -89 25 9 -2 -10 -88 -8 -39 -4 65 -53 60 73 17 -68 -70 95 -83 -64 5 -76 -22 21 5 -81 -27 -12 -36 73 64 2 15 -77 30 -2 77 -14 -85 21 22 32 -68 -56 -66 -53 -57 -52 -36 -74 -63 80 -98 -67 -39 -88 -78 -93 24 78 -78 9 -47 -87 57 59 -30 43 61 48 -84 -96 -74 5 60 52 -10 -97 -47 68 -71 35 68 -89 39 -79 44 -52 -6
24 86 24 59 15 -19 21 4 65 -43 10 4 -90 -71 54 21 62 -13 -97 -35 -76 -18 74 92 -28 -44 -61 52 53 -52 -79 -10 76 -54 -15 -77 -25 16 -100 -94 38 85 62 94 -32 79 38 -94 -63 -77 14 56 29 86 -77 -27 38 -33 17 -64 4 57 95 -18 92 -60 21 81 -37 -49 -77 51 -62 -86 -6 -23 -17 52 77 -42 60 -37 -20 -58 -53 -2 24 40 -70 -78 -89 -65 26 -90 17 57 -62 -76 28 -80 58 75 12 2 64 76 -89 -59 -42 20 -36 83 -58 82 -23 -30 -61 -18 -82 94 -19 -62 -26 48 26 -61 47 -63 -75 -5 -7 -38 -20 -33 93 40 -29 78 -97 -61 -31 -76 -58 25 -70 -52 -28 -94 6 52
11 68 -22 -63 -3 56 -6 -99 84 -90 71 -65 -81 16 -46 -25 69 38 7 21 41 -82 -29 -91 -82 -69 -20 -89 6 -12 -71 -16 -9 -81 36 -4 -61 -6 -96 87 62 -90 87 77 -9 41 -50 -38 28 -52 -85 -65 72 -48 38 96 -20 -84 -21 5 -67 39 73 2 -54 66 -49 -15 70 -62 -57 -2 50 24 3 32 23 -29 49 58 30 17 -15 70 6 53 31 -93 85 33 -20 34 -6 -9 -30 -51 -83 -93 24 11 23 -56 -62 -75 77 53 -76 -33 -88 76 -99 34 -31 -74 -36 8 68 57 -99 -66 -99 57 50 68 -61 83 58 15 79 -5 6 -27 63 54 11 -59 -98 68 -14 61 88 26 43 56 -10 20 -57 56 -77 -19
-30 56 61 45 -75 94 -59 36 17 8 87 -100 86 58 -73 -33 -96 4 48 -78 44 43 50 46 -61 43 -56 -77 -40 73 22 -86 52 -33 54 -73 -89 18 84 67 -50 41 -85 -100 39 85 -88 74 -73 9 60 -45 64 -50 65 -52 98 55 53 -3 -39 45 -70 100 -95 41 -21 34 -49 -1 -96 -75 66 -33 -16 22 7 87 -31 -74 1 -51 72 96 91 19 14 85 87 0 56 45 7 -13 -48 88 91 97 -63 -73 -88 -51 -59 43 56 90 -55 -3 -92 85 -31 -75 98 66 -26 38 57 83 -88 97 36 94 -32 67 -95 -10 59 -25 -100 22 -23 83 33 -47 88 -48 -98 32 71 -35 42 -8 75 78 3 54 -13 51 84 -97
11 65 -48 29 44 47 74 -23 -50 0 -31 60 67 -18 86 -16 -72 -40 -31 28 -66 -98 56 -80 47 42 90 22 66 -78 -18 79 -1 26 59 -26 60 -43 -88 -64 -77 -42 -69 46 33 -80 17 9 85 -100 58 -71 -63 -81 -53 -37 83 79 73 58 -61 -27 -55 -40 5 96 -25 87 -52 11 44 -100 68 -54 -53 -24 68 -21 35 -18 46 12 -8 -22 14 44 48 60 -68 -56 -94 -67 -75 -68 55 48 -64 81 -64 39 62 42 43 -11 -3 20 32 -59 -65 89 20 -49 39 -50 77 -83 -64 -99 45 35 20 52 -4 0 91 2 35 65 -94 -25 24 -66 -74 -44 -13 52 -8 48 -34 42 -93 97 98 -89 21 3 56 68 -10 -17
35 10 57 -49 -87 30 77 7 -94 -9 -15 -41 -51 -37 -6 78 -99 55 8 -94 79 33 75 63 32 -92 -22 66 82 -44 35 -45 -89 56 90 12 92 40 -23 8 74 -9 -55 -12 85 -16 46 -90 31 22 3 -51 -58 -24 83 63 -6 -29 -18 41 67 -72 -94 -73 100 37 56 89 -44 60 -7 1 9 -46 -38 6 70 78 61 -88 48 20 -55 41 -66 82 43 84 3 -53 -95 2 10 -56 13 -51 0 76 11 -55 97 97 27 -95 78 51 3 88 -31 -72 -8 23 -64 -86 -41 -46 -30 -56 -71 -17 41 -74 -89 25 -70 -54 -5 43 -24 57 -68 25 7 4 37 47 61 -76 12 44 45 -59 -81 63 -98 -63 -15 85 9 -55
67 87 65 -66 -5 8 -24 9 68 88 83 52 -8 79 -55 -90 -49 16 -60 84 -47 83 -4 83 42 -74 -65 -1 -19 -85 97 -23 93 -27 -91 33 78 26 -84 -61 -52 -30 -90 60 28 -9 80 47 -1 51 -94 -2 -50 11 -43 -89 91 84 -51 -78 -100 -13 -32 -11 -89 91 -26 -79 -5 -68 -45 76 22 -6 27 -58 80 -76 -73 -78 94 -21 16 -92 -61 25 90 83 37 2 19 9 13 -10 86 21 -69 -69 -33 10 19 -59 44 44 75 66 100 -83 12 -94 -96 -53 77 38 -38 11 80 63 -16 25 15 15 -58 4 94 83 78 26 -60 -83 9 82 78 -64 -83 -55 26 42 9 -17 34 -17 90 71 -48 -63 -65 56 31 -5
60 -80 -55 -21 54 -61 -34 -47 -96 -35 -4 -20 -24 100 -85 30 -58 -19 -7 1 58 -47 18 80 82 -3 40 -98 -84 87 68 -35 39 1 96 92 -31 20 -39 96 79 -72 73 -69 83 -51 -84 -31 12 8 62 58 85 -16 -50 58 2 73 -47 -58 -54 51 38 -17 80 -19 6 -4 16 -69 68 74 -100 99 -3 -70 -8 -64 -95 88 78 -67 -89 83 -35 68 -45 22 24 39 2 95 34 -4 68 35 -30 -90 86 -41 -99 -42 -85 83 16 -100 31 46 -44 60 -70 -88 -14 -58 60 22 17 -54 -92 -97 91 -100 90 31 -13 -37 -68 -32 -63 -89 -87 -10 11 -54 66 -91 96 96 -58 -98 -76 -3 -91 72 20 -71 -87 -72 10 57
24 58 -46 -88 -8 73 -16 -25 -23 -84 -8 68 -79 60 27 -37 10 17 -37 22 -18 -37 -45 -24 46 -73 27 -21 33 28 -54 99 -16 -61 65 -7 -86 -60 96 12 -65 -92 11 3 56 -67 -36 68 -29 -62 -38 13 72 5 -31 -42 -68 -61 52 84 -9 -40 89 -53 18 -84 86 42 -97 6 67 48 11 -91 -76 39 58 22 -52 -100 46 64 -28 -94 0 -50 -73 -80 -49 60 -36 96 -34 -74 -26 -77 93 19 -83 -52 -81 -90 5 54 72 5 1 -92 -89 -73 78 46 41 98 33 -23 -65 -99 -17 77 49 49 -57 -6 -84 99 16 -33 -27 33 -37 43 -15 43 -98 -66 45 29 -13 -52 98 2 10 -46 59 79 -82 -29 55 -96
-56 5 1 -70 63 -19 -35 65 20 -89 -75 27 7 82 -85 50 -7 10 -2 86 2 22 32 -3 -39 -54 -57 84 49 3 -44 40 29 -67 -64 -92 -39 62 96 -68 100 -74 -60 -61 30 70 -59 10 -84 72 -24 -58 -24 -55 -87 94 62 49 -87 76 -53 -52 -62 47 12 -82 -70 -40 36 -92 -59 -10 -12 6 -44 75 62 -67 -61 34 69 20 34 -70 33 72 -51 -88 80 26 -29 -59 71 -11 -10 64 -93 -52 39 71 -36 -4 25 97 94 -77 -34 34 -69 97 -3 41 -100 45 -4 61 91 76 4 38 -68 -80 -60 57 72 14 94 -49 10 -99 -23 -70 -2 98 -41 36 48 71 57 28 -82 25 -86 -83 -29 -40 41 -47 83 -85
83 13 -96 17 -44 -51 -97 -96 16 55 14 81 -38 -50 2 -100 74 -66 -13 -89 99 -10 -47 83 -79 66 96 -61 14 28 -7 -37 95 79 -18 49 -43 -72 -9 53 -7 72 13 -50 -75 52 12 93 45 7 -24 33 -50 85 -96 79 -17 -2 89 45 -65 49 21 7 -74 75 15 63 -99 -57 -50 86 -35 62 -27 -5 -18 59 -59 -32 -78 -5 -93 -96 -48 18 -49 92 -15 93 19 -58 31 1 2 -32 30 37 -68 -24 96 18 74 51 41 24 60 66 -65 7 -14 -66 21 -18 -78 -35 49 85 60 -32 -22 17 42 -14 -34 -21 -9 -80 37 -37 -75 -17 80 64 45 -92 -34 -31 -31 3 -91 -73 -21 6 23 -59 19 13 95 84
97 2 -9 17 38 -34 -44 -77 -32 66 44 49 -91 -37 -72 -24 -13 -20 49 54 -46 -29 -86 -13 -54 -83 88 -72 -51 -39 -99 -65 9 0 -53 -96 -55 -42 38 67 67 -57 -24 -29 48 -61 21 88 26 -59 56 80 1 90 31 2 -30 17 66 -29 92 80 60 -58 9 56 94 36 -50 33 -77 -24 0 -71 96 35 38 -33 -15 -85 -43 -76 11 34 -67 -14 -55 -55 -43 83 5 16 -68 -91 24 -55 -70 82 20 -2 79 -64 -97 74 -40 -29 -43 16 -73 67 49 -53 -98 -2 56 97 50 0 93 4 73 -75 -57 -51 -14 -44 -28 65 4 53 47 77 -21 -21 95 69 89 12 34 7 -33 82 23 -8 -82 -29 -30 -45 91 -61
15 5 -98 -55 -13 -65 100 -77 -50 46 67 -94 77 12 -36 97 5 -89 -71 -90 -94 -36 13 -43 15 28 28 42 -55 -66 54 62 73 -99 6 -56 -84 -79 -70 67 3 94 -42 10 86 11 53 -14 -95 3 -82 -79 -67 -59 -79 -34 -48 -100 57 -15 34 -81 -40 32 4 1 29 68 -78 66 -62 86 76 65 16 94 55 67 44 -57 14 47 -27 -52 40 79 -97 -88 -86 -58 24 56 -65 44 76 -29 59 86 11 73 -89 4 -15 -43 -39 -29 -63 50 -97 62 -93 -13 1 -23 94 75 21 50 -57 -45 -23 -79 63 45 26 -89 -90 39 -71 97 -1 2 66 -56 -66 -41 -41 24 -67 34 -87 94 -37 58 -43 -96 92 50 -81 10
8 -42 51 -25 47 19 -13 86 -95 6 43 69 -70 -49 64 30 98 65 -9 24 -31 26 -45 60 98 -36 -21 75 -57 61 67 17 -30 -62 97 -32 -24 74 39 16 93 -18 -81 -80 -60 7 45 -27 -23 -44 -14 -49 -17 59 -90 13 -53 -34 -56 -54 29 80 40 -60 20 86 21 73 -31 67 -91 -74 -1 -81 -40 -10 15 78 54 5 23 44 -54 54 -23 38 -61 -37 -99 85 98 -93 40 65 20 -98 -86 73 93 46 -43 80 62 36 41 32 -54 98 -63 11 53 96 -43 -26 51 -20 -96 95 73 61 37 75 -67 -45 4 -65 59 15 8 -42 -30 -88 83 70 -64 72 -35 49 -40 67 78 0 -87 -98 63 -70 37 77 100 -28
84 24 4 61 99 36 -85 -76 61 65 3 90 25 -60 -36 44 64 68 76 95 -55 -38 -67 18 -92 96 85 63 -56 65 -31 -85 9 -68 45 28 -22 20 -7 -49 -18 -9 -88 -82 -80 -1 -54 -84 47 62 -42 97 -85 -76 53 -54 -45 -9 30 84 30 -43 50 -24 24 -70 91 2 -42 -83 -56 -67 43 28 44 -45 2 -64 44 100 -91 -92 -63 -79 -23 -1 57 33 -27 38 -54 21 18 -48 -72 -6 -49 -49 37 46 -43 64 -30 92 51 73 -59 20 -11 19 84 2 3 -19 15 -65 18 76 -90 -12 19 -86 79 24 -68 -14 -16 -8 65 -54 -95 5 38 -10 -99 63 -71 55 -57 -66 -34 -85 -47 86 -15 -69 -77 34 -99 92
-56 -83 -16 -5 51 59 -77 7 -51 29 -82 10 75 -33 100 79 -62 -26 -100 -55 29 -14 88 14 63 49 -6 -41 11 33 -90 56 -39 -48 -34 45 -22 36 13 14 -30 69 78 87 59 78 -47 -37 -54 4 26 -65 -9 92 39 37 26 -36 -95 -28 -97 65 21 -4 -39 -21 -13 7 64 -5 55 68 97 -33 -24 -83 -64 38 -33 -96 91 -13 -2 -97 -43 -34 -59 -37 70 22 81 -54 -26 53 -89 -80 2 -93 4 39 -57 70 -30 17 60 -88 -8 85 -84 87 -6 -88 -93 2 4 75 40 10 -47 14 41 68 63 -49 -40 27 -6 -56 89 -94 25 19 57 24 -33 18 39 -61 56 41 37 -84 48 -65 -58 -14 -63 34 100 -56
-54 -45 72 79 -36 -42 100 56 100 15 -75 11 94 18 84 79 -56 23 -52 63 3 -80 77 36 -62 -10 50 26 -100 -57 -2 -80 -72 63 -54 -54 88 -84 -24 59 81 73 17 -31 -59 39 29 37 26 -62 -28 62 -82 -41 -59 66 49 64 -77 47 23 86 -67 -43 -56 0 -21 21 30 19 -94 -24 11 21 -78 98 -91 -58 4 32 86 -8 46 8 79 9 47 91 -29 -11 29 76 -61 60 83 -97 -66 -96 9 70 -62 -51 -82 56 -61 -8 26 65 -7 35 86 11 47 -27 -11 65 30 17 -94 -20 -20 60 85 -20 56 -22 -92 24 53 -17 76 91 28 49 2 -15 21 73 87 80 68 -3 25 65 -80 83 96 -64 60 54
89 -82 -67 44 -81 -8 -7 -56 -76 13 -8 15 9 16 85 -98 71 -89 -27 63 -90 -30 -46 4 98 87 -89 31 90 -7 -51 -95 -82 -88 -79 -92 93 -82 -91 -77 66 -31 98 97 -69 -62 -1 39 -62 -63 -93 34 87 -11 -72 30 -35 28 79 66 36 -97 -12 -95 0 69 92 -95 -44 7 -24 67 -20 30 52 88 -42 51 7 82 87 -21 47 90 -40 -85 0 41 86 -79 56 69 54 38 -5 -65 -42 -81 -86 20 -16 91 12 -48 -27 -55 -80 23 0 33 -43 -40 1 14 -48 -16 83 91 68 17 -48 -34 -39 96 21 -98 76 -91 -92 38 36 -87 -64 -21 96 -66 73 -45 48 60 20 -59 72 -68 -37 13 -14 -29 8 -79
82 62 -59 98 80 44 -45 30 52 -1 -52 33 -79 79 39 19 -17 -42 46 43 12 -71 -24 -91 8 6 -11 -23 51 21 18 63 -47 -33 -75 -62 95 97 -62 -2 12 -49 -19 94 -74 14 -40 87 73 -80 -38 19 -7 80 -72 -2 -35 -73 32 60 -52 -83 90 5 95 51 -68 -33 76 -83 -19 -37 28 -2 -46 -17 -82 -3 -49 29 -48 -15 -68 81 -3 -45 -3 -11 51 76 -55 41 28 14 96 18 -6 -96 -6 -65 68 -82 -83 13 -5 -10 35 -63 -15 -95 57 -24 -46 56 -31 -15 -83 83 -93 9 7 0 -67 -72 -12 32 -51 -64 54 75 2 -96 7 32 -79 -64 -61 50 56 -79 84 -20 96 70 -32 83 -16 53 32 -31
12 91 79 -54 57 55 -100 -63 -15 55 8 62 53 -25 -30 -48 82 17 -24 51 -9 -26 -99 -60 -38 28 -30 79 -89 -82 71 24 -74 96 7 85 -75 -42 -23 -8 -94 -52 4 81 -2 -86 -84 82 65 52 5 -20 -39 -11 63 94 12 14 30 -9 52 -2 36 47 65 -54 -48 -76 51 30 4 78 70 29 12 24 -14 -27 53 59 29 -1 93 89 -25 75 59 -63 -8 47 10 -30 46 -26 81 -81 -24 89 63 -18 15 -13 79 -79 -39 19 76 -10 -26 48 -35 96 -10 60 32 -36 76 -30 25 -85 27 91 93 -82 -73 55 40 49 42 -74 -85 -77 -42 28 -67 -14 83 86 -46 65 -72 92 65 -30 -57 -54 87 -62 -69 -39
-47 90 -22 -83 11 43 -59 -55 72 -24 100 0 -77 14 19 -55 -99 52 21 -78 29 -19 91 40 6 49 73 38 -10 -29 -44 -15 63 83 35 -86 87 58 -69 47 -94 -29 -7 -64 100 -15 -22 80 -51 -2 -81 -55 -56 -95 62 87 -79 93 -84 -3 -18 71 54 -21 59 64 16 55 26 47 -13 -46 79 49 -38 51 22 38 45 63 -90 58 -18 -61 13 1 -80 -15 43 86 95 -89 -45 -88 -5 -89 8 78 -49 75 -11 1 -51 -18 -46 -29 30 -13 31 -76 -63 33 -88 92 -90 -80 -16 -33 62 -93 -62 83 -6 94 53 69 -5 -82 -92 93 -3 36 29 74 -8 66 -25 -95 -52 -46 -93 95 -45 41 38 91 19 -64 89 31
9 -6 33 95 -34 60 47 -98 -14 45 94 62 66 96 8 -38 -35 18 -99 52 48 78 74 93 14 74 -95 -8 -76 12 76 -33 50 -46 -24 7 5 60 38 -12 3 39 97 -17 -29 -31 -37 29 22 1 78 -98 0 24 -13 -74 99 41 36 88 -96 98 -62 91 -22 31 11 -11 4 9 -28 89 30 10 81 51 65 21 80 40 -28 -43 88 20 12 56 77 -1 -76 -63 89 -83 82 98 86 73 -52 5 -25 34 84 28 -8 -6 40 69 -77 44 85 7 11 69 -30 51 -88 -67 -65 44 83 -40 -63 -64 -67 60 -84 -56 14 -7 -91 1 7 60 -17 -41 96 21 -51 -2 72 100 44 -66 -28 35 -12 -19 -28 -56 91 75
28 -40 16 -95 -47 49 92 21 61 -71 -34 99 97 -10 93 71 -83 66 -38 -71 -31 92 -34 -84 -96 4 30 -86 -32 98 16 -13 -18 -39 10 -48 1 -88 -88 76 27 45 -91 9 -53 93 -17 -16 -30 98 44 68 0 93 77 -13 91 -41 40 19 -75 -7 67 -19 97 -16 32 66 68 3 -84 -39 -45 -27 -25 82 -70 -58 28 81 -52 3 7 -23 -53 77 20 -69 95 19 78 -83 -15 93 -79 -45 -83 20 72 -53 -76 100 -71 35 -18 97 84 62 21 -88 -44 -70 100 -45 35 23 17 -24 44 73 -7 -9 -64 -26 -52 -92 -75 7 -75 63 62 -25 -20 -79 -71 88 3 9 -38 84 86 -28 82 30 100 -61 73 -8 20 8
57 100 -13 11 -45 -43 0 3 3 27 -18 -69 74 -93 52 -57 9 -27 15 32 -2 68 2 54 7 -53 87 -15 66 62 -23 31 63 73 -51 -92 -85 -2 -1 97 -47 -96 84 86 -86 87 -2 62 -90 -7 46 -83 -64 -7 -23 -40 40 73 -22 48 51 -19 78 -85 90 82 5 -55 67 -2 67 67 49 8 -16 -45 -20 9 69 -10 -45 -5 10 100 -38 9 18 -11 -25 5 54 -100 2 -21 -33 -29 -34 -44 -3 -97 -63 -57 3 34 -67 -9 70 -82 -19 55 -29 -80 -99 57 71 -36 20 -60 -45 17 7 69 -89 -12 -40 81 4 -18 -40 -53 -78 34 -37 46 -37 29 -52 -26 64 1 9 -19 -21 -90 -59 44 92 -7 -90 87
1 -56 -73 17 65 -24 -71 -36 5 -42 -36 58 -32 -91 36 -31 46 77 -98 -53 -30 -71 -88 1 -79 -26 41 -44 67 -96 56 -63 52 75 -27 -95 8 -70 -63 -58 90 14 -72 3 16 -94 -86 82 23 74 -88 -64 69 -89 -3 81 56 32 -61 -43 12 24 -53 -76 -82 90 44 -25 92 -82 80 69 91 29 -31 81 -31 -91 74 -95 33 -88 85 56 -84 79 -13 -59 -88 89 -98 98 -12 -58 -61 88 98 -83 -20 1 77 65 -66 87 12 36 30 -31 -85 -31 96 -96 47 -52 -12 84 75 88 20 -99 -65 73 -13 -66 -13 13 -65 74 60 49 33 -63 -18 84 94 -1 70 -29 12 12 49 69 -44 -81 -43 23 91 47 -26 -45
34 -68 -89 -15 -3 1 29 27 28 33 6 -97 -10 67 22 33 87 -9 74 -19 -90 13 -88 16 -75 1 -45 -63 25 12 98 70 31 44 -33 -62 26 -99 -18 41 9 40 45 84 -25 -20 -45 53 -45 -34 16 56 -90 27 44 -51 91 -91 -82 -80 -37 5 90 -45 -54 -8 -31 77 36 3 -32 -74 -40 -1 4 -58 35 -31 -97 -67 -51 -2 -98 -39 64 -48 -23 75 -40 60 -43 96 -73 84 -46 -11 -99 74 75 20 65 13 -31 -38 -46 5 99 -8 11 -39 99 -26 -62 35 0 39 15 18 56 39 42 -73 9 -74 33 19 76 41 -17 50 3 62 -65 -95 17 -95 -82 -21 9 60 64 -8 55 68 45 91 18 -81 -73 -9
67 -27 -50 -82 -25 -47 51 57 30 23 60 46 81 89 79 -30 17 54 -88 29 -68 100 -33 -87 -74 93 -11 -71 89 57 -13 -2 39 -17 -48 37 52 -27 -47 -26 37 -58 76 -1 27 100 73 -67 -96 5 33 89 30 -17 -14 80 -82 -27 44 -53 3 76 53 68 -70 -8 96 22 -45 -12 93 -5 76 32 -25 99 -1 49 31 31 -47 37 -21 59 -97 -67 -33 -30 -78 -6 -35 13 -73 -40 -51 81 99 91 65 71 -30 57 48 53 -12 81 -51 22 57 -7 15 -77 -67 -2 -51 66 93 61 -22 -68 -12 -51 -4 9 64 -21 66 -55 -65 30 -89 -67 18 -44 -89 -31 59 -93 -64 22 47 60 66 -37 23 -59 -44 0 94 78
98 -7 91 -6 -13 -25 58 3 -91 -15 -12 40 -47 -29 64 0 75 83 4 12 -89 5 38 -50 -99 61 58 -51 -34 60 47 -47 -68 86 -58 32 -56 54 32 -84 83 -43 -61 -21 -14 -39 -29 28 4 5 27 12 -42 -46 -84 -33 -90 54 -13 13 -41 5 -94 91 -78 44 -80 22 12 -13 52 -81 -90 76 -69 32 -29 -29 65 87 -91 33 -82 -31 64 -64 25 -79 64 -72 8 97 -92 45 70 16 -89 -54 -27 -16 -33 30 53 95 22 -23 41 -98 66 -61 -49 97 39 73 51 13 94 -57 2 36 -26 -96 -56 55 -100 -87 6 94 -66 -41 -91 -63 88 73 -62 45 -54 -62 -30 95 14 76 94 -60 3 85 -44 -48 -46 -57
95 9 -47 -26 -93 28 22 56 -72 49 -76 30 -93 91 39 69 -11 85 51 90 27 100 -78 90 7 73 -3 78 -35 46 28 -55 19 71 -30 -20 78 39 -10 10 -26 -88 9 59 61 54 -74 55 -7 54 -35 -81 -33 79 38 -22 -72 -36 53 -81 -13 -13 76 73 32 -86 8 -69 -86 50 -90 -40 5 72 15 -82 -27 -19 63 -88 -100 48 -44 55 -25 -45 -2 -61 38 1 12 56 -49 26 17 -77 -65 48 -71 -17 43 -95 -89 -22 -39 -50 32 70 34 59 -1 -2 80 -61 -61 -78 -96 52 82 -32 -69 -47 -16 -87 -96 -16 24 56 -10 -9 3 48 -68 -69 87 -88 46 -11 74 7 -79 2 -51 -8 33 -81 -87 37 74 39
-26 47 -86 86 15 5 -58 -30 -13 -36 59 65 -63 60 -96 80 79 91 18 47 10 78 57 -67 -41 -33 24 38 69 -91 -43 -96 -29 63 73 -12 45 67 42 -68 75 -97 -55 -4 69 80 -68 94 -91 -6 -53 100 -50 -51 4 -56 55 -2 94 47 34 7 100 49 67 -68 73 79 29 -34 94 90 -33 87 -38 1 50 -94 52 -87 -56 66 -56 91 33 -26 16 87 100 -98 67 -84 -76 -15 6 29 -29 -6 77 -76 44 1 -3 -96 -12 98 41 74 94 -16 -35 -21 -28 85 -26 71 32 56 -62 2 7 -9 21 58 53 -85 -95 1 36 -44 62 31 -42 47 -75 -67 41 27 83 90 58 -10 -81 100 -34 35 22 47 -51 -87
23 -33 64 -4 -62 27 -13 64 14 -83 33 -60 38 99 -10 56 91 -37 -54 83 64 -46 45 75 97 21 22 10 -57 22 77 -51 -28 -86 71 -87 -15 49 -46 14 46 9 -47 -58 -19 -22 88 -4 -76 51 92 46 -14 -17 58 0 8 -85 -75 30 13 -8 -50 -62 67 -51 98 69 36 87 6 68 95 -82 -11 -2 -4 -80 69 94 38 -68 55 -29 80 71 60 71 40 -99 25 -5 -6 -39 -49 47 72 -55 50 -57 -14 -96 -50 -65 -98 80 0 -17 78 -86 30 -86 -50 -3 32 95 -54 -59 73 51 10 -79 32 66 -15 94 -3 -42 82 75 -24 62 13 48 -50 34 53 88 0 42 3 -8 12 99 21 97 -7 38 10 33
21 20 61 -83 -17 83 66 52 -88 -59 27 10 2 -29 37 21 13 -95 83 24 100 71 61 29 -98 48 4 -53 47 90 87 15 45 66 84 -66 -13 -79 35 -30 -68 88 -20 2 8 -4 -32 74 -70 86 94 -1 -36 86 93 -86 52 6 55 -93 24 85 79 -32 -71 41 -60 -39 0 38 -24 46 -17 -16 -88 49 33 61 50 -75 -45 -47 -56 17 63 17 26 -48 2 92 65 -86 -12 19 8 -83 68 -69 -76 -58 88 -44 90 77 -99 -43 -4 79 36 34 38 -56 -30 -10 -3 -88 -2 19 18 64 -28 93 -64 -34 -63 63 23 98 -98 44 98 -58 -3 -9 -24 -70 -44 77 -80 40 85 60 -89 -36 38 81 8 -37 60 -79
-25 -43 -9 -49 -71 -76 -15 61 4 -88 -14 81 81 9 -19 -29 -66 -85 -20 -8 25 74 79 23 -59 55 -68 -81 90 96 13 36 66 70 54 78 71 52 -6 98 -50 -96 -80 63 94 -44 48 38 -62 -24 10 -72 10 79 -49 -91 39 -16 -25 100 -50 44 -56 -36 -4 83 -75 -53 14 62 33 -93 15 -84 -8 65 53 63 -37 93 7 -44 -51 64 -16 39 -73 56 92 -72 6 37 -47 -91 -83 -58 69 -76 77 -10 -69 -45 -40 98 -49 64 65 1 -65 27 41 -48 92 -48 -77 -95 18 -24 -88 -81 -53 79 -47 89 -10 87 -83 -40 -52 -34 50 38 83 71 56 -48 63 80 -15 94 84 -95 73 77 10 38 -50 47 -41 32
26 -11 13 -25 47 63 -80 -27 -37 70 83 69 28 29 -20 -16 -23 -39 -2 -46 69 -91 22 -16 27 -37 -28 -2 -43 92 -80 -91 -80 82 22 1 25 -89 -85 -43 89 -7 -6 -88 61 82 -65 8 23 -18 -80 -70 -48 50 -46 -85 69 -67 -43 49 -2 -81 100 14 -45 8 1 39 -91 1 4 95 84 95 -69 -13 37 58 -25 29 -2 -11 -8 12 -97 -30 1 -56 -33 94 -87 -13 8 -70 22 -73 2 41 45 -86 16 27 -38 27 53 -92 14 87 -79 -96 23 31 -54 32 50 8 -60 -86 19 23 -42 -95 -34 88 75 -33 81 71 -48 -78 88 69 -5 67 -51 17 69 -5 -80 45 42 23 35 41 50 -36 -57 84 -29 76
19 -18 -43 -90 -47 -58 15 56 -89 19 77 -65 -77 -48 75 -53 44 -41 6 51 -38 -50 -27 3 36 -43 -87 -79 7 -12 51 -55 -100 68 55 26 -49 83 -56 -92 51 67 -62 -20 -1 6 88 -51 32 57 22 -86 -22 -24 87 -98 -34 -56 11 -16 -60 -81 -39 84 -67 -72 -92 -97 -43 -86 4 99 97 -38 23 -17 -57 -64 -85 -78 43 -4 -87 17 -27 -35 82 24 -69 -100 -17 -30 -26 -82 36 22 11 99 27 27 -79 -56 -14 70 42 -27 22 -51 59 39 -79 22 19 86 24 30 64 29 81 -8 55 58 20 -73 -81 -98 -79 -28 -2 -21 26 97 -34 51 -53 -6 -35 19 13 71 70 32 55 -91 -23 79 -19 33 95 25
-11 95 -98 -52 44 -56 -40 58 -3 78 22 15 35 85 -19 4 -49 -36 51 -91 -19 -14 73 87 -25 74 -82 -16 -16 -23 -92 84 -35 -53 -2 37 47 -67 -62 -54 73 -75 -44 23 -54 76 70 -44 -95 63 43 84 -62 -6 59 -28 -70 29 17 85 -10 41 89 35 -57 -45 -43 34 -36 -35 68 -35 67 -9 -70 -28 -67 43 40 97 -65 -23 58 15 100 -78 86 32 -52 53 4 -78 -57 15 27 -82 0 -67 40 80 65 -10 8 -55 -84 -79 -80 93 -1 -1 -92 93 -24 -27 -71 -34 -84 -32 77 -12 14 -39 66 25 -22 88 -97 -66 14 -98 20 52 -78 10 -3 -98 78 89 -28 -45 32 59 -38 85 20 -75 -44 65 32 -21
-65 52 78 -21 -4 80 -100 -19 75 36 -90 -57 3 79 64 71 -92 -30 11 -29 -56 49 -52 -19 -16 -29 -95 5 -51 20 38 61 -27 65 15 19 37 -41 53 79 -55 -52 85 98 60 5 -91 -33 69 -42 -48 -66 -7 81 62 5 -85 44 85 11 17 63 -4 68 59 21 -69 -36 18 -65 48 37 36 55 -28 -43 -85 96 78 -8 -96 -66 42 -29 68 -80 -84 90 -68 -55 37 62 43 8 -81 54 -74 -54 -23 -96 93 -99 8 40 -60 4 -47 -69 25 -65 44 -84 -93 -67 12 -8 72 35 -7 -10 37 44 92 70 -33 -5 51 73 -60 54 45 87 0 85 -57 -10 -63 31 -57 57 3 -74 51 -89 0 -89 -100 24 -6 78
-30 -13 76 86 -79 -11 55 -48 -49 -87 32 17 62 -67 51 -30 80 35 -50 -52 -51 36 84 25 -91 57 82 51 67 -34 -26 -20 -44 11 -93 -75 92 -38 46 21 -70 24 -94 11 -79 -81 -15 -90 51 -41 -98 97 24 25 -66 75 -60 -3 -10 40 40 -39 -98 -86 97 -9 66 96 18 -6 50 -21 12 -34 42 61 -26 -90 100 88 -78 81 61 46 -35 44 -21 -39 28 58 -29 14 -44 -18 -11 23 62 32 23 7 75 84 59 -79 47 -22 4 -38 -62 97 -67 49 62 52 -90 49 -35 -65 91 73 -8 60 62 38 -1 71 -86 18 -37 88 -84 -9 -40 -36 -34 69 -74 -62 -19 -43 62 64 88 16 39 34 -29 -50 45 -18
-75 37 -62 94 -66 4 15 -50 44 -10 74 -40 -47 -93 -2 -44 -46 13 -40 -53 34 -85 74 63 -32 -37 38 -61 41 -22 85 -33 -81 18 85 -75 -17 -91 -54 -93 -49 -69 -45 53 -26 -18 -71 -35 -34 41 -34 -14 -4 0 84 76 -92 -25 -42 10 20 -67 -80 -99 -80 41 33 -98 -24 51 72 69 77 56 -6 89 -75 94 -71 88 -75 -81 48 -15 35 -78 99 -51 -36 33 83 -61 -57 -72 -74 40 30 -67 57 -7 49 -36 -44 -90 59 63 97 59 63 -46 -12 -64 -81 -37 32 17 53 -48 16 54 97 1 -12 -5 43 89 -79 56 -2 8 46 -42 -9 100 -40 28 8 -62 57 75 9 -84 98 36 -39 -29 74 33 29 -85
-78 73 -32 -80 90 53 78 -2 92 47 -80 -22 55 36 97 -99 10 -24 32 41 -62 -57 -77 17 67 -50 83 -74 -32 -19 67 -36 -28 -62 -15 94 76 97 -95 -92 84 75 -82 -55 73 18 -16 -50 -35 21 33 -23 63 6 97 44 75 -100 29 -49 13 29 -41 81 71 -86 30 -20 -50 -24 91 -76 0 59 12 79 29 26 -81 17 -71 -30 -5 -47 -82 44 -85 -60 -79 -36 -38 -32 -21 78 96 -36 74 -45 -95 -85 13 -14 -68 74 96 28 -42 3 -37 -92 -66 62 -29 67 -19 11 26 71 -15 57 94 -37 -10 74 65 -27 -2 -65 11 -90 49 19 41 -24 -29 91 3 -7 33 -86 -99 53 -96 48 -32 -54 -81 -46 43 59
79 -54 39 -56 -25 -20 96 -78 25 65 -35 -68 -56 -49 -98 -24 55 -25 -96 42 41 -82 57 -86 67 -92 -21 18 15 92 61 -23 35 -31 60 -46 87 87 32 56 81 88 91 -43 -19 -81 87 87 84 -36 49 58 57 83 -100 -81 24 33 -62 55 81 51 82 30 -7 65 -22 -1 -25 -81 8 -51 -5 -40 62 -79 -38 85 -48 17 -35 31 -84 68 36 -48 21 -80 50 -47 -11 27 34 44 9 11 -44 48 93 -45 -49 92 -12 17 -35 -53 84 -19 -25 24 -79 -60 -27 -22 -58 74 -6 -43 -90 -98 -43 -31 87 14 -38 92 -65 -67 21 71 -20 -42 -48 12 79 16 -62 -34 -25 83 1 81 -48 -17 -66 -8 -57 -100 -83 -93
19 -93 -88 71 47 30 -51 11 49 -5 32 -4 4 -78 -87 -62 -58 -92 46 72 -79 5 -94 31 78 -44 14 -90 -39 23 37 22 46 84 -13 -33 54 -87 15 26 76 -3 33 6 80 46 -90 79 -73 -94 -24 32 51 75 81 34 29 -78 -35 30 -5 74 -1 31 25 -79 93 90 100 70 -10 -61 -15 67 -59 47 23 81 -23 -64 -48 86 -5 -99 89 -36 -30 -98 -56 -7 -31 64 41 -42 2 14 -55 4 -49 85 96 3 -92 -39 -96 1 91 83 1 59 -16 -58 33 97 -74 -53 -2 -26 -30 -22 30 64 -82 -79 45 34 -38 68 -33 65 -42 -5 -11 -2 22 43 22 -20 -61 71 -13 0 60 42 21 67 -63 83 -25 20
-82 -54 -17 -15 13 -99 -37 22 57 89 -45 59 66 1 11 31 26 -38 97 40 61 75 76 78 -96 -95 97 -49 -15 95 -85 -34 -76 3 -97 35 -56 31 88 84 -59 -48 78 -84 57 43 18 -51 83 -63 20 40 32 -65 -86 100 -71 -40 -70 -77 -8 -97 -36 62 42 98 -41 -93 11 -47 3 -91 -7 -45 -18 -48 10 31 30 -90 21 -26 -91 20 -64 42 -1 48 -24 -30 -97 85 88 3 15 -1 -72 -17 -26 -28 -13 25 -2 -78 -68 34 64 30 -46 7 45 97 56 79 -90 72 16 -2 -42 -63 -5 -8 -35 -100 -68 10 -14 -31 58 -29 -71 -66 34 -24 93 -54 -29 70 -12 -75 -90 91 91 2 -31 12 -67 25 -51 -41
56 -78 -99 -80 -10 -29 -85 -9 98 -76 60 23 -47 95 66 -56 -49 -45 86 57 47 6 54 -36 34 33 -87 51 -72 60 -44 84 -24 58 -32 -62 13 33 -76 68 -59 23 -13 -6 -7 36 45 2 53 -3 -25 37 54 -81 -54 14 80 0 63 -23 -34 -26 13 46 -93 98 28 -5 20 -91 -59 53 -23 15 -93 48 -45 -8 22 -74 -77 -7 -46 -38 61 -12 -3 21 -76 -72 47 7 60 -29 57 29 54 10 -22 10 -69 -4 28 88 89 9 -69 -32 8 -75 53 -43 -24 -91 89 58 47 -57 -67 -87 -83 -79 -93 41 16 -21 -40 10 1 -47 -14 93 -26 -56 -40 83 20 -54 -92 95 7 83 12 -88 47 -44 13 -51 -76 85
-3 -86 -80 -90 -12 -47 -63 -25 -67 0 89 -4 81 -77 -55 28 -15 -83 88 -17 94 -91 -83 -100 41 72 71 82 26 74 87 25 -67 72 -72 -37 25 98 -38 71 -26 34 -73 -77 -39 94 63 5 -32 87 -95 -31 63 6 34 76 28 29 76 -46 20 14 100 97 57 -92 -71 30 -74 -40 2 23 4 84 27 -83 -59 -91 -10 84 -20 19 -52 45 -31 64 -42 11 -73 48 -6 -44 51 -3 47 96 56 53 85 21 -71 5 65 56 26 19 86 73 -29 38 -45 -37 89 23 -56 -84 79 -24 -48 -52 28 -46 -16 50 49 57 82 24 61 -47 -73 12 91 -40 92 -36 -78 6 39 -68 -28 -50 -40 -64 -9 -23 -36 59 -17 -2
-54 -31 9 84 -84 -23 7 -8 -57 -85 -90 25 -34 21 -11 15 -81 79 -60 83 -98 -37 0 -68 -22 56 20 -1 29 -9 -25 -82 21 93 -20 -66 -46 -4 23 -61 -14 -64 -35 -40 61 27 -63 4 3 14 -69 -66 13 -7 -74 -27 42 89 -39 23 78 -37 82 52 96 40 66 -58 57 51 10 37 98 80 45 -90 -80 -56 -98 -15 70 -96 -36 68 75 98 57 68 24 -60 -97 74 31 -88 -79 44 7 -25 63 11 84 -88 -31 -72 -30 58 -3 15 -37 -99 67 2 9 -91 43 -22 -1 -13 47 -4 -17 -46 40 23 90 39 -73 -94 22 -33 38 -12 16 -93 -69 17 15 18 -52 49 -59 -7 52 34 -45 95 74 -89 -79 -8
-78 -30 -43 -19 -27 -11 56 -32 -67 -8 71 96 -84 31 -6 73 -41 61 -98 33 -25 37 -70 -81 -57 -94 54 -8 58 -5 -26 -20 -57 -83 -95 63 -54 -7 -58 91 95 -16 46 75 -92 -58 98 34 -42 36 63 38 93 33 1 -83 -71 6 68 -36 14 92 26 51 -57 59 -90 14 56 78 -56 66 -55 -94 98 73 8 24 -24 -19 1 -27 23 -29 87 -79 -4 -25 -81 16 -78 -38 -95 42 -16 -56 -76 96 7 -82 45 -70 -86 -95 -96 28 -5 5 -84 98 -41 -42 75 3 57 5 -9 83 61 -99 -68 -32 -2 34 -5 -75 -73 3 36 12 49 20 58 -72 50 -30 67 87 -93 -92 35 77 71 -87 -15 45 11 37 88 50
44 -94 -100 76 -29 76 63 -62 0 21 -24 44 52 -22 -76 -34 64 -16 61 -83 -99 72 -50 -45 66 75 -52 46 5 -48 -91 74 -47 -42 -45 -37 -46 -2 -7 -90 -74 -32 -51 -74 11 1 -24 -96 -10 77 67 -9 -17 73 -97 -75 -59 9 -9 5 -81 -55 -27 -38 -15 74 -55 62 -14 74 44 79 -78 -88 -35 2 -35 -23 17 53 -9 68 -65 65 88 -45 -88 -96 39 56 -81 9 -53 -2 29 -92 -67 97 -4 -90 -38 77 -70 11 76 -48 -55 -31 -57 -4 45 56 -90 -50 0 5 93 96 -24 68 -40 -84 75 15 -38 -8 -44 57 -98 -65 97 -44 28 2 90 57 82 38 78 68 16 -54 48 31 -39 -12 -4 -50 9 81
89 54 -65 96 -55 -87 52 -55 -20 19 -30 -41 56 -5 -33 -35 18 90 -58 20 -38 51 79 8 94 82 -16 75 48 -49 52 -32 -66 -8 -60 -55 -17 -80 36 32 -89 85 -50 -80 21 8 -62 -30 57 -2 40 80 79 -40 -15 -63 -100 19 -16 50 -2 43 -59 49 58 22 -73 31 48 99 -40 85 -86 -40 -34 78 65 -81 -52 -40 97 -44 40 -66 27 -24 -63 59 85 -40 7 89 75 32 92 21 56 1 19 22 32 39 -51 -95 -42 -28 -81 98 91 61 -42 -71 48 36 96 45 5 80 94 41 55 -35 19 44 -27 -7 -35 -55 23 79 -67 -24 30 25 -58 78 94 95 65 33 7 77 77 -81 3 14 -92 -7 -11 -58
86 64 69 -2 -7 49 2 96 83 -41 -21 -73 -77 46 28 -62 74 14 -64 56 -22 -51 -76 -1 59 -52 -55 -74 -90 14 49 -50 -58 88 -58 42 -59 64 -73 61 24 -81 -90 63 52 20 -94 77 -84 84 -33 19 31 97 15 -17 14 -11 -15 -39 24 -85 -59 68 13 14 -77 57 -52 25 -88 24 -70 -3 -70 4 -34 61 39 -18 -99 46 -18 26 -49 -46 18 -61 -19 -3 -80 -93 -75 70 31 -82 -54 -15 -39 43 -87 -62 40 -50 -68 -84 -23 92 93 41 40 -34 -33 -15 -64 56 8 26 23 -23 -62 59 38 68 90 90 -16 -54 26 83 -24 -17 27 -11 68 39 15 100 -48 94 -42 8 94 -62 -98 -38 71 87 -21 25
-82 94 52 -2 -34 -7 44 29 -89 27 7 -37 -6 -38 -67 -16 15 34 -90 -79 72 -67 -72 52 0 -8 68 -96 42 -2 3 60 41 98 60 -97 26 65 -41 0 37 -50 -11 -7 16 -83 -16 55 -84 22 21 74 -36 58 97 -7 -72 44 -51 -6 93 -64 -1 -81 -45 96 -16 14 -14 -97 -93 -5 -52 -28 45 82 -21 81 31 79 -23 -46 7 26 16 88 6 63 -19 -53 -42 -36 90 -45 98 -44 80 -77 92 -25 -16 -17 -68 89 80 6 18 -47 -48 75 -42 96 70 74 -34 38 50 -32 -39 17 71 29 83 40 90 -17 -4 97 -22 -74 97 -84 15 35 10 56 12 83 -17 -65 25 86 99 59 30 -64 -84 96 81 31
-62 -18 -19 -87 47 79 -32 -41 0 -3 -66 36 35 -89 -84 48 36 -63 31 -6 -77 -5 70 -46 -6 47 72 -42 -47 75 -20 -55 88 -27 0 -40 27 -85 -1 -52 60 45 79 -96 -51 100 39 52 37 84 81 -39 -32 -70 25 -25 8 10 -53 -26 -58 11 -66 -2 65 7 28 -49 -49 76 -24 -26 49 -57 18 -75 69 35 98 -100 79 67 -60 -58 -12 43 -15 -74 55 -63 -37 -67 -72 24 -91 -49 81 -82 34 -31 -84 75 0 -2 -80 -23 11 35 32 58 100 1 56 35 64 -35 -47 77 -90 -64 -80 45 -42 2 -89 35 49 29 59 0 12 37 89 -79 5 42 18 -95 79 70 67 47 17 43 23 8 -19 17 96 -23
-72 2 57 -53 -16 34 -53 -73 -84 -88 98 92 -72 27 -39 -100 51 -9 3 23 81 -4 43 66 31 72 -99 62 -30 -46 -89 -31 -49 -93 -96 -4 59 -28 -63 74 73 -87 -49 55 -87 -99 85 21 -14 37 31 -38 59 -3 -16 93 -65 -74 69 -99 89 60 -19 -36 -46 3 50 -56 42 -44 83 -53 -93 -19 39 -11 -90 52 58 -79 -31 -37 -36 46 -65 -10 -53 74 33 17 -93 -62 -21 55 42 -67 -82 53 -74 11 7 52 -34 -27 65 -19 28 -12 -44 66 -59 -53 -52 -86 -96 -96 -15 35 61 -84 -61 -48 82 -9 36 -6 47 50 39 65 9 -65 -48 -22 72 -100 70 57 -88 29 -65 58 -43 -90 8 -27 81 38 -17 -14
0 41 -94 32 72 -68 38 -5 -97 -74 -88 44 7 -32 91 50 17 -1 29 14 14 -21 87 19 -44 -25 -31 -94 -13 74 66 -92 -59 68 -40 92 18 -8 -62 73 -92 -44 87 66 66 89 -59 -7 31 93 -35 15 -56 -48 -57 -14 40 -29 -75 50 -98 83 -98 83 19 41 49 11 -62 41 -7 -48 56 -42 89 -9 -74 -50 -76 -3 56 66 -42 -64 11 -74 22 92 -70 42 81 1 83 -19 -31 71 -96 87 -54 -43 18 -34 -84 28 97 -3 -39 33 33 -80 59 -80 -55 -73 -88 35 -54 33 39 -83 -89 63 64 -90 3 94 -64 87 66 -82 -64 80 80 -82 78 -19 -94 -68 -32 -22 57 -96 28 88 13 -91 0 -19 13 -14
74 88 40 -57 -89 93 -100 -18 -36 -82 -33 -2 -59 -5 40 -66 24 71 -99 12 76 42 31 -28 -42 11 52 17 -72 26 90 -9 -22 72 27 64 44 -84 79 73 25 -77 79 -87 4 -66 61 90 -22 44 -93 -16 65 -77 -78 17 -94 8 -17 10 -73 100 -18 -57 -78 1 33 100 100 -63 96 -6 49 90 -62 -22 -91 -87 11 81 -5 -97 53 79 -22 15 96 21 65 -64 -95 38 78 -77 -4 56 28 11 92 27 84 8 86 97 43 -67 29 46 -15 52 -60 81 -70 80 51 31 96 -7 46 83 64 44 -8 -37 99 4 97 80 54 13 -14 23 76 83 -30 -85 -51 74 28 -36 23 56 -76 96 3 -18 72 -12 86 99
86 -66 -91 43 -46 62 -54 65 -50 -88 42 -58 49 -44 -43 -46 -34 65 11 60 -5 20 -35 -15 -40 49 80 -51 98 -16 -49 -26 -83 70 -39 -35 84 -25 63 87 64 -84 -80 -62 -82 -29 -44 0 -22 -75 71 -3 -52 75 90 -59 54 75 79 35 -43 31 -1 -4 -96 -56 61 81 -38 -14 -39 -70 -23 41 78 -24 87 -43 -41 22 58 31 28 28 59 -56 -12 84 -52 21 -62 -53 70 -38 -2 41 53 -76 21 -23 65 13 -26 41 -9 -53 -56 -86 64 -3 -36 72 29 29 -90 -45 41 33 -37 -65 -3 30 23 14 63 92 -44 -39 -13 87 -94 -73 -10 94 -14 49 28 -98 43 -93 -98 13 96 -9 48 79 -48 94 -26 -7
82 -90 -100 -87 -54 60 -40 -50 -15 46 47 63 -68 -68 16 -74 -87 42 33 -7 -42 -51 98 -46 -66 -8 92 41 -34 2 -37 -14 -3 45 -23 -35 -88 0 -50 97 -90 94 -47 -11 -49 -62 47 4 31 19 -33 61 -97 -53 26 40 79 9 -12 -17 -6 46 84 22 27 18 66 -54 -98 3 41 53 -54 -22 57 71 -45 30 9 36 14 -74 -7 57 82 -24 -3 80 -76 2 73 -14 -12 -62 8 -6 -79 -2 29 83 82 -79 -98 94 3 -65 -35 -95 7 -43 -63 20 5 -33 -36 -49 -96 34 5 -55 58 68 -91 -69 -14 -93 44 -61 -71 -22 -96 37 31 17 -97 -35 -74 -1 78 61 -8 -31 -57 -42 -73 27 98 -69 13 -100
-83 23 74 70 -19 46 -59 17 -31 -63 30 34 94 -5 -44 -30 24 0 70 -96 -31 -79 -62 -22 -11 21 61 98 -18 -35 -94 58 25 -95 -73 94 78 -61 76 13 77 4 42 87 -79 61 -61 23 -84 37 -70 -64 60 39 -69 -59 68 -34 -86 96 -80 -19 -58 -26 55 44 -50 98 -37 32 10 77 -33 -77 15 71 -23 27 -49 56 95 66 -20 -59 60 -42 -91 59 55 -82 -16 -31 96 -96 79 100 20 89 -23 -75 71 33 48 -81 36 80 13 28 -57 83 -30 -63 -1 -95 -97 91 -20 79 -20 -79 40 -3 58 -50 5 -15 -60 45 88 -77 -23 35 -43 -64 -79 55 27 -93 21 81 -79 -38 -43 49 -10 -64 -36 41 -76 58
73 98 28 -64 -37 51 18 97 -39 5 39 70 10 35 -52 100 77 85 61 -49 -65 -87 -45 15 -48 67 32 -2 58 -100 43 -84 91 17 -3 10 -41 -94 92 -46 -32 100 41 14 62 -3 54 -19 27 -90 75 -53 -16 -8 -58 26 -89 -53 33 69 -32 93 22 59 -72 93 87 28 -93 42 68 -53 50 -46 36 46 49 -34 47 20 96 13 56 47 -70 -8 35 56 62 -37 -5 91 86 -21 37 -51 -29 20 86 44 -81 -72 -5 52 -19 -47 -96 70 70 -21 30 92 -29 45 -95 26 -19 -23 -44 63 -73 47 -86 88 -83 85 -25 -41 -28 99 24 70 -68 -91 29 85 51 -3 91 -72 13 12 -76 54 81 51 -32 -53 -63 -75
-77 46 48 -12 31 90 97 82 85 58 93 -79 -32 94 22 69 62 72 7 92 -66 100 18 65 -69 56 85 -88 -74 23 -65 -7 85 77 -46 -25 30 -66 78 20 84 72 42 45 -24 -11 12 95 -100 48 51 52 -4 6 77 0 -30 73 -84 -93 -49 39 -62 -88 94 -31 -17 21 -77 39 -88 14 -14 -56 45 -81 53 93 -13 -92 14 -83 -80 -23 25 -4 14 50 -50 53 7 91 -21 -49 74 -40 35 40 -46 -3 -15 -23 -5 77 -22 27 -5 -50 -83 -27 75 88 -7 -33 -69 14 69 -64 -18 38 -80 -7 -59 -54 99 -2 -42 45 -30 -50 99 -61 94 12 -45 83 5 -61 -68 -56 97 -10 93 -23 -100 -15 99 45 -88 -8
-95 69 -82 -62 76 -42 75 86 2 66 33 37 -21 9 -92 -50 -56 -23 -4 -80 -32 9 90 -3 -87 99 -49 -100 8 -75 -50 49 -40 64 51 -8 98 -48 -13 -7 -33 39 -98 94 14 56 0 80 -83 -94 -69 71 23 63 -7 -2 71 42 60 70 67 -65 26 -98 32 23 -92 53 60 61 62 24 -8 -65 -80 73 -73 -79 -99 -22 -41 75 41 85 62 -100 -89 21 -85 34 47 -84 6 -25 75 9 -42 96 -66 -71 0 92 -50 45 93 -68 9 -23 85 -66 68 75 -46 -31 -15 5 71 -41 -82 41 100 95 -60 66 74 -3 80 86 71 -70 -20 46 27 -21 87 59 44 89 0 43 29 -11 -83 -36 -19 52 -50 -59 32 99
-65 -2 75 29 -61 69 -20 -12 -52 -32 -40 -65 -96 19 95 35 -74 58 -73 -28 35 -61 -12 -20 -38 56 0 53 -81 -78 83 97 16 55 -3 -65 -31 -65 90 -56 -83 9 54 11 97 62 -11 13 97 -19 13 -83 41 36 -56 15 -66 67 31 43 -20 84 -1 23 50 -13 72 77 4 43 39 89 -33 -89 -90 -90 66 -85 -40 47 -63 97 91 -94 -25 5 14 -11 17 40 8 58 79 -19 -33 -98 -54 76 -24 1 -93 -62 -16 -12 1 70 87 -28 -79 74 65 -76 -59 -25 92 81 -67 -76 -85 6 -48 -42 34 -15 -45 16 72 71 73 44 76 49 -67 82 56 1 -26 30 -50 65 -5 -26 53 -98 -7 41 4 21 4 -35
-2 -87 43 -85 -68 -77 -70 -19 -61 14 36 87 -76 -23 97 72 66 -53 53 81 -99 45 -41 -14 -32 -75 -55 67 -30 33 -81 -47 -75 -45 85 98 78 -45 -54 69 -67 -72 0 74 -93 74 -53 28 -83 -76 -4 51 -10 -100 95 -58 92 -72 62 72 -12 -22 65 57 12 43 12 93 22 90 87 100 -37 -50 44 45 -18 -33 -44 -12 47 95 -44 -20 26 -70 -6 -5 46 58 92 73 34 -37 49 -45 67 -52 -99 35 -84 74 -86 -38 69 -22 -65 -99 6 -27 -38 52 23 -65 -14 48 -50 66 -1 95 68 -27 20 -6 -78 22 81 64 15 -61 -60 95 47 -12 18 0 -85 -75 -18 -60 -23 -30 -2 -68 9 -22 21 -2 93 -93
-77 79 51 7 36 -49 -65 -73 98 -28 6 -42 19 41 14 -1 -18 77 54 -35 77 0 2 64 -78 -39 38 -44 -52 21 37 -67 12 29 71 -39 -30 -94 -9 -75 86 -32 -71 71 -66 -87 93 -4 -13 -5 82 -78 -73 51 -73 -57 61 -16 31 30 54 43 -64 -86 -61 -54 6 10 -39 -35 37 -60 78 98 -11 -80 48 33 20 55 66 32 24 -35 26 31 -10 99 46 74 -51 81 40 -86 -75 26 44 -12 54 -57 16 -88 35 24 -21 64 23 -11 51 85 -88 -29 34 -57 -7 54 26 87 56 79 -50 42 -23 -4 -17 -83 93 59 -15 -96 82 -79 29 -96 -83 -41 61 -24 -63 84 68 -73 -42 -23 41 7 95 75 -93 -91
-22 11 33 35 -80 -7 -44 -32 -16 -29 -51 -10 92 75 95 23 3 60 -84 80 -32 52 96 -63 48 49 -4 -80 57 -79 -1 21 -60 -82 -98 -76 -35 89 -95 74 43 -34 -51 -87 -10 -65 65 -55 46 87 -26 2 44 66 -57 55 69 21 -54 46 94 -65 25 -69 -95 59 -12 -6 83 22 83 62 -21 33 51 96 77 86 -33 41 33 87 2 16 -99 -77 55 -23 39 -84 9 -92 -33 96 -48 -95 3 -43 87 86 -70 23 10 -80 49 -5 4 -31 9 -97 3 -86 68 -71 -51 48 -46 4 69 35 -47 11 -29 -2 15 93 -78 -2 -87 24 -40 0 -85 31 69 2 -40 72 32 -53 26 -29 -36 82 -75 -97 32 25 -71 84
-59 -14 20 -6 51 100 -84 -7 58 -58 43 -50 66 16 -46 -24 30 -55 52 85 58 -34 49 63 -63 -100 -76 -40 -93 -20 -67 -51 88 -67 -82 -73 8 -61 -3 -12 -89 50 26 -14 34 -84 -15 -10 -28 58 4 60 37 -51 -52 95 -87 -77 28 98 82 -12 -5 33 -28 -49 -91 98 -46 20 -98 53 -42 50 -9 79 -60 -13 69 93 -46 -93 62 46 9 39 -13 76 -35 -53 60 -38 -76 -98 38 -10 72 18 -35 -62 65 99 35 55 -47 41 -13 -79 -61 -16 34 -2 95 23 16 90 -8 20 -82 -11 -18 -2 -18 -76 88 9 29 60 12 -33 -68 46 -63 -81 -10 -93 23 -48 9 -86 46 -80 -75 -32 18 -60 -31 81 -23 -76
-29 -31 95 -32 7 78 43 52 -19 -72 58 6 -24 90 5 79 -10 67 71 63 -78 57 -73 38 -92 -65 19 -83 -62 -97 -23 79 -67 -65 71 16 4 50 -38 19 -25 28 -41 10 -51 3 4 -27 77 -3 95 -87 -39 -32 22 61 -100 93 -98 -69 29 99 69 23 49 -14 61 35 34 -70 47 33 -25 4 -51 -54 60 69 -5 -72 -68 86 -46 -65 63 -35 23 0 96 -99 51 50 74 -26 62 -70 62 69 -72 20 3 33 -30 -29 -87 -90 -50 -30 25 51 -4 -46 -47 -55 -78 -65 98 40 13 -11 23 -33 31 -8 92 -86 -3 -72 -87 88 -68 -24 36 19 49 -24 63 19 -48 88 -40 -94 2 53 -91 33 98 -22 15 22
25 83 82 96 46 -57 12 -89 -33 -51 -76 -27 19 58 96 91 27 -69 -17 26 85 -55 59 74 -64 -57 -95 -35 -98 -16 -9 61 44 97 -69 34 16 14 -25 19 -3 -8 -66 68 -22 82 -13 59 35 49 12 -97 -63 94 -34 72 -70 46 96 11 -29 -18 48 -51 58 -18 -34 77 87 -70 66 0 -66 -25 -21 -64 84 -100 -87 38 2 23 -27 -95 -89 -81 -57 -81 -58 -55 -84 61 -73 -85 10 -59 78 -85 -5 -87 16 35 32 -50 -64 -29 -92 -19 -19 95 48 95 -91 -1 36 -11 -90 94 8 99 60 -77 -3 -60 37 -13 -76 89 -10 80 22 -24 -27 -33 -10 -100 -34 -78 -56 82 2 -11 -34 84 -71 15 -69 59 -83 -49
50 -9 -99 -93 36 -5 -52 -8 -85 -18 -18 -23 50 -23 10 -32 88 38 -83 25 -5 -41 -14 -4 0 -94 82 -11 39 70 76 -82 6 98 -39 31 39 -26 12 -74 58 93 16 35 83 66 -8 -76 -38 -22 83 -11 0 68 59 -5 4 83 -65 71 -45 -55 38 -61 96 -12 56 -29 -16 75 -95 13 35 15 -9 63 -70 48 7 -94 79 -90 -16 13 -50 -56 -40 -65 95 40 18 -52 43 97 15 87 -33 14 -29 64 -55 23 -47 -9 0 -78 52 -53 -17 30 -52 -40 86 -28 87 -99 2 60 85 -77 46 35 -13 19 -25 -23 -97 -51 41 60 11 71 -60 38 -39 -5 -64 58 -45 -40 -90 -40 15 -85 -70 -36 -12 -98 80 -38
-46 -33 -65 -79 5 -59 68 26 -6 -66 44 -62 24 -85 -32 89 3 -76 58 -68 -90 17 58 -49 -52 -95 -98 -74 -95 -40 -51 -21 -17 -5 -97 -96 -100 19 -54 -18 -99 90 -95 -24 57 -48 74 -94 -2 12 -62 9 -55 -62 -98 92 21 -72 -11 87 -70 -71 2 67 8 23 -70 9 43 14 -66 36 80 21 -47 -33 81 67 -91 -92 -44 -19 -78 -43 6 2 100 43 5 -35 -73 34 72 30 -96 24 6 -87 -59 -56 -82 -94 -66 7 -76 32 -48 -88 -11 -84 62 15 -81 -30 -11 -61 -8 -10 -52 84 73 -2 25 -51 13 47 64 64 2 -7 -15 -16 63 1 -28 -5 7 83 54 28 28 -63 79 33 56 -81 -48 -69 41 99
-26 3 22 -74 -75 49 -42 61 66 26 15 -11 -37 -15 -83 -99 97 75 63 81 -14 -23 -5 -48 96 -74 -35 -62 74 -45 -65 24 -72 99 -2 89 6 -35 76 75 30 41 -69 -48 56 -57 -89 87 -2 -68 33 -4 37 -45 31 -50 95 -54 -71 5 79 13 42 61 -86 93 76 63 -90 -73 -99 -7 40 -17 23 -35 -48 48 -43 -21 -56 -26 28 3 81 -96 -84 52 -62 -39 24 65 -29 3 25 -40 86 94 47 38 87 97 22 -75 -77 -99 -98 73 67 -85 -99 49 -24 50 -3 -46 88 -2 93 12 79 -29 -21 62 -78 54 -28 -24 -45 -45 84 80 99 -73 24 57 69 -98 -74 -6 -46 3 -28 -60 85 64 74 1 18 27
48 72 -12 57 9 71 24 50 -38 66 -50 -48 75 95 97 32 92 -88 95 -65 87 -82 -42 21 -15 94 66 5 -20 5 -45 -8 76 -32 -82 -85 57 -35 -50 -13 -14 -93 98 -35 -98 -43 47 -100 91 90 -57 -21 -44 21 -8 84 -50 -30 -90 64 -33 78 -11 78 -99 -98 -26 82 0 -49 27 -45 21 -67 -56 36 -39 43 -35 58 74 68 -7 -16 -6 -17 21 85 90 -47 -15 -75 63 5 -15 55 52 -19 -71 -100 98 -10 -93 -51 -56 84 37 38 82 31 9 -29 80 17 -74 -7 59 -67 -23 -57 54 -90 -86 -73 -24 64 -53 -29 97 62 -2 -25 -87 3 -63 -79 56 -12 -33 75 85 -78 28 10 -100 64 -58 80 4 34
-75 -47 63 -27 -77 17 -95 83 26 5 -11 12 25 75 71 -9 -44 -27 48 93 10 71 -90 97 35 1 -22 90 43 -38 2 -89 95 -43 8 23 -36 30 0 64 -48 59 -46 -80 30 -93 -15 58 -83 69 22 82 -29 67 -50 -86 -56 -4 24 49 -35 -90 44 -63 -82 72 79 -99 63 35 12 4 -35 86 19 -69 -10 -89 -6 91 57 19 24 -33 71 41 -30 -100 50 -7 49 100 -22 0 -76 83 23 -45 44 -82 19 -4 80 72 -47 -30 5 45 9 65 -65 -27 47 91 -73 -5 1 59 73 34 -54 20 -29 8 -41 -12 -36 -41 75 -20 33 100 53 54 39 89 70 0 65 41 -98 -79 35 8 84 65 -21 68 -63 -38
-36 -56 -57 -96 20 12 -92 14 -83 -25 -74 -25 -11 24 87 -30 -76 92 -72 13 7 77 65 -81 -62 -44 54 -92 -100 -51 4 52 -55 35 -33 50 86 39 30 -76 -37 15 -90 -26 -62 87 33 -90 83 13 -31 74 -78 -63 -16 -96 -23 70 12 96 86 79 88 53 -82 -38 -60 89 49 32 -56 -98 37 -78 63 75 4 28 -9 84 -48 99 76 93 -63 -8 -8 -88 -23 -80 -20 86 69 -49 -50 -29 -90 -13 4 -84 83 -65 -33 97 -6 -51 92 -18 -45 65 60 6 46 -84 76 -46 -90 -83 93 -97 -75 -27 -55 77 -84 85 87 27 42 -47 85 20 22 67 36 47 87 -7 -20 -35 -65 -45 -3 -38 79 27 -86 84 -11 -1
-30 84 8 -33 -42 39 -40 -46 86 -98 -69 -96 -17 -6 10 -68 82 -92 -59 53 36 0 -53 35 66 91 -37 -35 -43 66 -27 -79 4 -66 100 -49 -35 -24 -92 -27 -94 33 10 -8 33 25 3 -85 8 87 16 76 76 -99 79 -27 -70 83 -14 74 89 -69 96 11 30 73 -36 -86 6 58 -78 81 11 -74 60 2 87 -7 11 -45 68 49 -39 -1 -48 41 85 9 -9 -88 37 92 81 41 -8 -72 64 -70 -23 -66 0 31 13 83 13 -41 30 44 83 47 -76 12 -91 59 75 49 -68 -77 10 81 -25 -15 4 4 84 44 36 87 9 -95 -87 -50 -96 -55 -50 28 94 -74 -6 53 28 39 -48 -51 48 -76 -30 -68 -97 -74
27 -9 -47 37 4 18 68 32 -25 -67 -34 82 -67 -78 -91 13 -49 20 26 48 81 74 -46 97 28 94 64 -51 -46 -77 8 56 -85 -6 -30 66 41 26 57 56 -38 84 14 -95 -63 -94 -48 -33 -44 100 9 57 -13 52 -7 34 15 99 7 -92 -78 -24 11 53 -66 -37 69 4 -21 36 -56 -76 -81 -76 26 54 9 -2 -92 20 18 28 -25 -86 -96 -11 91 -44 61 -44 42 66 34 58 -85 59 -18 -21 35 -2 -68 38 -56 78 -82 100 -28 40 23 19 -13 -55 20 -55 -96 4 63 20 20 92 77 -50 -31 -96 -84 -50 -95 -76 78 91 80 -7 -11 53 87 -96 96 -77 -6 -46 75 -38 12 -61 -67 91 75 -66 -11 99
97 -19 -68 -23 89 36 3 23 63 -65 -8 80 -10 46 -74 24 -41 -42 -88 -42 38 -13 -39 -8 -4 45 29 -3 11 2 77 -66 -56 12 53 22 93 -63 59 72 -25 60 -88 -44 -100 -33 -32 -70 -65 79 -51 -7 -75 -46 54 -24 -78 -16 -75 9 -54 96 -41 -93 -75 7 88 86 -38 -52 -23 61 43 16 -24 74 9 8 -100 40 -1 -13 74 -26 2 50 42 71 85 8 65 -98 -4 -95 -1 4 17 36 71 11 33 11 -70 55 98 -65 65 82 88 31 -89 -8 64 35 -40 49 -55 68 -78 -64 0 -60 -95 -18 15 82 52 -33 -74 -67 -67 14 75 -77 60 -42 -96 -4 26 71 51 99 -98 -13 13 -69 57 33 -2 -56
80 -10 64 -59 61 86 49 -74 -20 90 -61 -43 85 87 -39 -59 84 64 68 55 -20 100 48 37 72 -81 -79 -21 82 -1 -87 -34 -76 89 -28 -21 78 -65 -21 -26 -52 1 -28 -62 95 92 45 19 -65 49 -20 69 22 57 -18 24 -7 87 18 56 -91 -22 -18 89 -13 1 83 19 42 -63 -48 -13 -73 4 -79 15 -65 -25 -50 63 -11 25 -80 -72 -25 77 87 -52 -54 28 12 -57 47 -55 -46 72 4 -97 30 33 26 33 55 28 -46 -55 34 22 -96 -97 -5 78 -11 -24 87 -79 -8 62 46 -13 29 -56 13 28 -70 -28 2 99 -53 39 -71 -98 74 -33 -17 47 -55 22 8 -69 -11 -45 90 56 75 75 -68 -68 -72 81
3 -24 -87 -87 86 -62 57 13 28 -75 16 29 97 -25 90 -96 44 64 -51 -81 -95 -12 90 -41 -84 54 -97 27 -65 -94 -67 41 -25 72 -84 90 3 43 -43 -18 90 38 22 -47 88 3 28 10 -99 78 50 -81 -23 -16 -62 -46 67 59 -57 57 52 -20 -34 72 72 78 -19 -32 68 21 93 -96 -49 -86 67 -4 75 -36 74 -93 92 12 -56 36 57 -38 -98 77 86 -15 -39 -12 88 -2 41 45 4 -6 -68 -46 -65 -48 66 -94 -12 94 40 -32 -12 5 2 -8 28 -37 -97 42 9 60 39 -96 -37 -16 -66 -29 37 -26 -75 11 11 -25 38 -83 21 -30 72 -1 -99 -98 47 1 98 53 -83 87 -70 -100 -57 6 -75 94
3 -48 3 -96 -67 -96 84 -79 -65 60 44 62 77 -51 80 -94 78 -45 -83 86 23 -41 -48 71 -94 -65 72 -56 44 36 49 -65 -64 92 -81 33 100 -63 7 36 -98 -84 99 -16 26 17 -93 -25 -61 61 60 -44 -66 -95 -17 -56 91 -15 43 31 25 -12 75 -40 -73 97 -90 78 44 83 44 35 -17 11 -22 -91 45 -9 -11 -56 3 -28 -60 -88 51 32 75 -19 3 66 89 -88 77 68 58 99 -75 -63 -99 18 -83 83 -46 27 -50 -81 -72 34 -55 -1 -36 -51 74 -7 -37 -73 -26 -98 -33 -36 -46 -80 46 -32 -81 -79 -51 20 94 -33 53 68 84 66 54 -56 -46 -18 -69 49 11 -1 -84 -17 -95 -65 11 -87 87 13
100 -79 -18 -51 -69 -31 -31 -5 91 -2 -51 60 -77 85 19 -86 -92 -86 -7 79 -60 92 -21 -75 4 70 -57 -99 -90 -15 74 -81 -28 75 26 3 74 8 11 -72 67 -14 73 78 -44 -54 -53 13 88 76 -100 69 -10 18 35 -11 79 45 7 12 64 71 -12 -19 -49 -91 -20 -52 -71 -36 94 -100 65 75 16 94 49 -63 -79 29 36 32 11 -14 -41 19 -12 -98 45 34 73 -42 17 -82 21 69 -35 20 -45 -73 -15 -14 93 -79 -58 -91 0 -2 -92 -99 -62 -69 -32 -41 51 98 -82 65 66 -30 27 -46 98 7 96 -51 -8 93 -86 41 -5 73 75 94 33 48 -4 15 79 39 39 16 -24 -50 84 86 -13 7 -8 -58
-71 -99 82 28 38 -33 -63 -9 -64 59 47 21 -56 28 -37 72 20 60 74 -84 17 -52 -48 74 -59 -3 94 -37 48 -89 9 -26 6 34 -77 65 -98 -93 59 -51 41 -60 54 -48 -49 33 52 -24 70 45 68 78 -68 36 -64 -14 -19 57 -43 -97 -66 69 -66 56 -86 61 -33 -24 -62 27 -61 -68 -62 42 88 61 33 95 47 72 -79 -76 59 -45 -63 79 40 100 -28 13 -3 93 -86 23 -50 99 40 -44 15 34 48 -81 -69 7 100 -30 -7 56 61 81 -27 -95 -12 -52 -10 -60 81 42 -71 91 -89 53 24 23 -97 -4 -54 17 58 92 49 45 95 47 17 -50 -95 57 -38 -87 0 -90 15 -7 -1 -83 59 47 86 56
-16 -35 16 55 0 -83 83 41 32 -62 -27 54 -79 24 12 -61 14 -74 -50 -50 -57 -17 78 -47 -42 -64 59 -30 93 75 98 -64 -6 27 73 44 36 -49 95 -6 -98 -8 38 -90 30 38 -44 -41 -14 46 55 -45 73 -19 -82 -41 -84 -50 93 53 16 -12 38 -31 -36 72 13 0 60 70 -62 -41 -40 -86 -13 -85 12 -41 95 -3 2 18 -10 10 -60 18 24 23 -89 -9 -27 -85 39 99 -76 17 -62 -2 -82 -100 33 54 -19 -62 60 -84 -43 -71 69 -72 -21 19 14 -34 23 -10 -58 35 -88 -76 74 3 -72 -92 49 59 -75 84 -25 -35 50 30 -22 11 1 92 52 94 -47 -23 55 96 -69 -31 40 -19 18 72 -90 -74
-84 -54 -78 62 -15 -94 10 -5 -70 52 -17 -21 15 -24 48 -89 -95 32 35 3 -37 48 42 20 31 9 -68 19 -42 11 56 -12 16 -9 41 95 39 31 -64 -39 -86 -60 -22 41 -15 -22 -90 -84 -99 -1 4 88 79 31 -18 -92 -59 -17 -53 -23 -98 -39 -61 1 79 0 100 -13 -81 28 -44 -54 -31 78 -53 26 21 62 -30 52 4 88 81 -81 -50 100 -97 -30 -60 57 -75 15 -42 -69 72 81 9 -49 -7 -37 56 -33 51 -75 -72 -28 -87 -19 9 17 -40 -22 84 45 -7 -32 14 12 58 -3 -5 25 100 30 18 59 53 -36 -88 92 -42 52 80 -66 -31 -12 -73 -97 -66 -20 38 93 -54 -39 34 -68 7 49 96 84
42 -72 -66 46 4 22 72 -85 92 95 25 9 -13 90 -85 37 55 -76 82 63 35 60 -82 84 -23 0 -44 97 -70 71 -82 -99 -21 -73 1 50 73 -10 37 -29 -32 62 48 58 12 6 78 -58 12 68 -7 54 53 -4 -87 -39 -21 -8 0 -99 70 64 93 99 -35 -74 23 -13 93 -94 20 -58 -74 -25 -59 42 66 -26 -1 4 70 -17 98 -98 17 -90 -36 -54 -72 20 -95 50 74 70 -87 8 -62 72 22 55 22 79 67 -22 -93 -60 38 58 21 -35 -55 -94 2 86 -15 64 56 -61 -4 -51 13 -25 35 89 -32 -83 85 -60 49 72 -65 9 89 11 66 -22 -59 98 86 7 -53 -50 -28 76 19 -60 -94 -50 34 -19
