-67 -100 22 -55 -31 -15 -34 -23 -76 99 -12 -91 24 -89 35 25 -75 89 -83 -84
-63 -80 0 -18 -85 17 34 -54 89 69 -90 -19 68 83 -89 94 -73 -36 67 -49
20 -55 -49 -38 7 -72 -83 -5 -30 25 19 78 -4 61 87 61 41 -6 -5 -24
-79 -15 94 -70 77 -74 38 -7 -60 48 -40 -69 15 60 95 -96 -41 -36 -90 9
85 58 -41 3 85 -96 -57 -16 -38 9 61 -45 -50 49 71 34 4 -72 72 -33
-73 91 -6 62 91 22 -85 34 87 -42 -37 26 65 99 0 23 -58 63 48 -71
78 84 -85 -50 -51 24 10 70 75 30 56 -6 -46 9 -84 -85 -53 -26 31 -17
-29 17 15 -65 -91 -52 94 -89 1 90 56 60 -84 38 84 -69 34 53 41 33
-74 -29 -96 -29 -48 3 85 44 8 36 -63 -13 11 -84 -85 27 -50 25 53 89
-22 59 -78 -54 47 31 -96 66 -10 96 -1 -59 -15 88 -76 -22 92 -19 54 23
53 -55 -16 -53 100 4 61 12 44 -33 -23 39 -23 50 -35 9 91 -89 -38 20
-8 76 70 19 -80 87 31 -83 -77 -62 -36 13 -73 -98 96 75 -54 6 78 -64
78 -9 62 100 52 28 -70 -100 45 -46 -87 36 -73 40 94 -88 30 2 -79 81
-11 -4 -69 46 35 -14 -7 -82 21 3 16 -56 -17 21 82 63 -5 -44 -71 25
20 85 74 47 66 29 41 88 2 72 7 -61 54 72 82 -3 -33 5 13 62
-38 55 35 -88 -9 -60 -97 -54 -42 80 -13 9 -66 48 -15 29 95 57 -66 84
39 26 19 -55 -90 -48 -72 -29 34 -55 52 3 66 86 90 -67 -62 -49 -73 42
-9 89 12 85 7 -25 88 25 -73 54 -80 -55 47 -89 63 -19 45 95 -100 -40
71 -32 18 -16 4 63 80 41 -22 -34 97 -40 -26 -54 -14 -58 -84 -89 14 27
-37 -73 100 -52 42 20 49 -15 65 98 85 71 40 -22 -58 38 -11 57 -9 11
