8 -30 78 98 17 67 58 68 -31 42 -95 78 -25 -29 8 92 85 -5 77 96 -86 38 -49 -96 -100 -72 56 69 -39 -36
87 17 14 -36 -15 86 -51 -59 5 0 3 81 3 -81 51 -26 -79 66 -65 57 -85 100 -70 -61 -48 73 92 19 41 57
-88 72 68 -95 6 61 -65 25 -94 28 -56 -79 31 83 -83 -56 22 7 -60 26 -29 -29 36 -100 34 -81 -54 43 20 87
33 5 58 -38 -4 74 -62 -41 60 -41 43 -61 -84 -4 68 95 83 46 84 22 95 -80 -65 -68 -89 87 -94 61 -27 -89
-60 -44 -76 40 -56 -78 -59 16 55 -20 -98 -73 15 42 10 -38 -6 20 -16 93 -79 55 5 54 26 95 -2 81 -2 39
-29 18 -72 -47 -83 -55 79 2 81 25 -11 -96 -63 -31 -49 27 -28 94 -51 58 74 30 -5 90 94 -57 -39 -71 82 -71
-80 42 39 13 73 -83 -41 84 -24 -77 34 61 67 -34 98 -32 -95 -18 -65 15 -90 91 -38 -88 -14 -97 -1 -58 78 -3
20 93 37 -6 -97 67 -7 -10 -9 -32 -34 41 86 2 29 58 -69 1 52 -100 -3 24 -47 -94 -81 73 -97 -31 -31 70
-78 70 -64 -18 39 34 -63 8 41 33 -60 -18 -100 21 93 -90 -6 -78 -88 12 -86 -43 -81 -12 28 23 25 10 -89 -13
-26 79 -34 -98 -57 -56 7 -15 -34 -33 65 -16 -61 18 52 -80 -55 30 -66 -83 -14 -69 -42 0 26 20 95 -100 -14 -81
78 -15 -88 66 67 51 78 -3 44 73 -83 -72 47 13 7 96 48 89 34 -87 28 33 32 -50 -78 21 -98 -4 -41 -50
34 -44 -57 -66 50 100 1 45 75 -91 18 -88 61 -51 65 -79 47 30 -94 43 28 -61 67 -39 -6 -91 -24 -54 6 -82
13 -99 60 -99 -25 26 20 13 41 66 -77 -70 -35 -59 64 77 -1 -87 -51 38 -77 -96 -53 98 90 58 41 33 -35 73
67 -25 -56 20 60 52 -82 -20 15 90 87 33 79 -96 -32 -57 51 -15 -55 49 69 -97 54 -55 11 -50 -54 36 24 -72
43 -72 66 7 5 -26 -2 4 -38 24 40 79 75 65 90 -73 66 -62 -43 -95 17 98 82 -85 82 -79 10 -41 -92 -8
-70 53 67 -84 91 7 -33 -45 16 -2 54 -33 -84 94 -56 90 -52 26 -64 -51 -75 -7 -76 -40 -48 -25 -58 50 82 92
80 -15 69 10 -23 87 -26 2 -7 -41 -58 -55 79 29 -26 76 83 -71 72 -43 -8 -79 22 24 -37 -59 -33 14 5 55
4 -6 45 -44 -46 45 41 52 87 46 -94 -53 -72 -37 -29 -58 -73 -26 -10 13 68 -65 22 10 12 -40 34 25 -75 -51
52 -96 -55 78 59 65 3 -47 -59 46 52 -64 -65 33 -43 40 100 75 84 -88 62 -44 81 -66 -91 51 88 -47 -16 3
-58 6 84 88 55 -15 -73 21 -9 -15 -38 34 -73 53 -14 -7 9 -73 2 -8 46 -6 -29 -67 93 67 61 29 -57 37
-7 -20 -37 76 -84 -44 -86 93 67 -5 -30 32 99 -86 90 20 -75 -36 -68 58 -78 60 40 -59 -66 -60 48 28 55 5
38 57 -28 2 -64 -64 -13 14 -41 56 -86 -99 -56 -72 -94 -82 2 -24 16 -62 10 45 -34 86 -54 -82 29 -13 59 -56
-65 76 64 6 -24 -9 55 67 24 -89 35 6 -57 -95 2 -18 34 78 -91 37 0 -39 7 -40 12 99 29 -87 81 -66
-19 57 -71 -58 47 -77 31 -53 -47 17 -79 -29 72 96 -59 -87 -17 4 80 62 -25 -39 -70 -9 10 59 10 -85 24 -39
-24 -77 -57 -34 -100 -29 90 97 9 -84 -29 63 99 -47 96 -55 0 82 28 -100 -30 -23 4 -93 26 47 -88 80 -94 -82
-71 47 11 -31 72 -8 -95 -46 29 74 81 72 -28 -65 -66 -43 29 52 78 -65 62 95 -23 14 -60 -54 -62 -27 44 97
-73 -31 41 -37 95 -52 -98 47 72 -9 100 90 29 19 -51 -17 -4 70 -15 -52 -44 -71 -96 29 34 70 -68 -42 94 -5
-92 -20 -47 35 68 26 -86 15 67 48 61 -29 38 -23 -90 -28 -27 -21 -58 8 85 14 60 69 19 34 -77 94 26 22
-51 -70 3 24 18 -13 51 -71 -96 75 -81 -43 0 -21 -43 60 36 25 -8 54 -47 52 -63 60 9 -63 55 -1 -94 46
-85 -41 -46 -18 73 -83 -59 -67 11 -79 72 98 -31 -7 -30 -50 91 -90 -7 -11 67 29 -3 74 62 33 -67 -100 58 61
