-3 10 30 -42 10 -40 12 56 -97 53 39 -44 -19 94 47 8 22 -41 -8 -34 -2 89 -58 -7 4 65 55 80 -88 7 -89 68 -100 67 53 45 -61 32 89 66
-93 0 41 -98 -91 42 64 -34 70 26 5 -91 46 -4 20 -24 -27 -69 38 -88 -34 -45 -2 47 -69 -73 86 18 -97 73 -51 92 -72 24 -14 52 96 -52 -42 22
0 78 -32 65 -96 -63 58 4 17 -73 15 -22 68 -49 63 -52 -80 16 27 -43 78 37 55 -2 90 95 36 -77 55 -98 27 53 74 -60 -93 43 -86 79 50 -23
19 -2 21 78 -94 -78 -62 -59 68 27 -90 -61 -59 -4 -81 -1 -26 90 -48 -89 11 -72 -90 -76 7 87 71 -25 1 -27 -63 70 64 -1 61 56 98 93 66 44
25 -84 8 62 17 -95 88 -78 74 22 -72 -10 31 -93 12 -28 -70 -42 38 -9 49 -74 -14 87 -80 99 76 -27 -83 -41 95 -28 100 -8 -17 -53 4 69 -89 -91
14 -6 15 15 7 61 65 0 88 -7 -95 -37 -20 98 18 42 -75 94 -25 23 -100 77 83 43 -81 93 -3 -54 82 7 82 77 -76 16 33 61 59 19 -42 0
-52 99 38 -41 75 -75 -17 -79 -74 67 69 10 -15 33 -2 -100 -49 -15 -58 -92 -73 8 59 38 -37 -81 14 -8 -43 -88 -50 -54 72 32 -42 -94 -14 83 -3 -59
6 55 -91 -38 -99 75 -29 -52 7 50 -82 1 -8 -39 25 28 -9 -76 26 -63 -58 -97 -34 51 95 -88 73 -49 -100 -84 56 -30 62 65 78 -94 3 -54 -88 24
16 -94 21 89 54 50 -72 -44 -89 48 -34 -82 24 -6 28 66 -46 -14 25 39 63 97 70 -99 -21 56 -45 -45 -44 -25 54 -19 51 63 -18 -83 -84 9 -33 55
-85 85 26 88 68 -20 96 -78 -50 -53 44 -76 92 -31 -14 15 43 -56 -68 63 -8 26 45 -61 -21 59 -26 38 15 26 -54 54 -42 -95 -4 87 -92 -84 29 12
18 47 -71 63 -9 -61 41 92 75 -70 98 -47 -38 51 -15 82 74 -22 31 83 24 -68 -53 68 -12 30 33 -93 95 35 67 -74 62 -43 7 -7 86 50 34 -54
-57 -17 38 -31 36 82 -71 2 97 -65 8 62 -80 77 89 -24 15 14 -94 4 58 96 -31 -61 19 -50 11 -36 -96 -21 17 -77 75 -11 84 -93 -73 39 30 -17
-17 7 -11 45 -89 100 4 58 -85 83 -6 -13 -42 -34 74 42 -9 10 -73 -33 95 61 -71 60 78 93 26 -81 11 66 -41 48 -100 -58 -79 -26 -55 -21 -15 -39
-54 40 -71 -16 -1 83 -12 89 75 -36 -6 88 -12 -100 -51 23 39 93 30 41 68 15 -41 -68 49 0 86 22 65 10 -50 -84 68 -79 33 -37 -55 -7 67 -43
90 16 78 -95 -66 26 50 92 11 37 43 48 66 -41 88 -77 25 -54 75 61 -27 -48 -5 30 25 30 67 -52 20 26 47 -71 -48 64 37 12 -89 57 45 -27
37 21 90 76 -2 100 -37 31 17 -52 87 -10 73 33 -63 -48 -50 28 -53 71 81 -64 -30 -9 53 1 -16 44 -52 61 13 -14 -4 87 90 21 -91 6 18 -31
96 88 1 29 49 -32 83 41 24 81 -98 20 15 -36 65 25 -58 -83 -63 -92 -69 -97 54 -39 -1 67 92 24 -7 -96 19 -20 63 -12 -85 -90 -30 42 1 -86
-25 -24 41 88 100 -19 48 11 -28 -40 -49 -88 -99 -2 40 61 -35 53 -87 35 60 -33 -5 99 73 -67 52 67 62 98 -91 71 -82 -81 -73 -18 88 64 93 46
23 24 -47 -32 -82 -85 -33 92 3 -16 59 95 -67 -59 -10 -20 54 45 -49 -72 99 9 92 31 -29 -40 -17 -14 -62 38 0 -89 89 -49 33 -76 -43 -29 -78 10
-87 72 10 -75 -57 11 -15 -45 -41 0 -74 78 -60 95 30 -20 -7 -2 -90 -54 58 -30 -36 -25 17 -6 -85 96 57 94 17 13 -21 62 -66 -11 45 95 97 29
17 -45 30 42 -74 36 -67 11 1 49 -59 -64 71 -59 21 -93 -30 -45 -51 41 -54 -15 25 35 -5 31 5 -13 -93 59 11 -44 -56 -16 -96 25 39 -72 65 8
-16 21 56 34 35 88 78 -98 41 17 -84 54 42 -23 5 -87 -54 -9 -45 77 -72 99 -4 -95 -3 -37 60 -64 -70 -13 7 -30 33 -31 -22 -93 16 74 -91 23
17 75 -84 18 21 46 86 -61 -98 30 78 -21 -53 55 -21 45 20 68 -65 69 -98 68 -26 -83 -58 74 -17 -7 95 66 -45 -43 -17 -97 -74 86 33 5 -37 21
-75 67 41 32 -78 -36 37 -58 42 80 34 -67 84 84 86 -83 22 22 -59 -53 -71 -2 37 -1 12 19 63 -28 71 79 -54 -32 14 -97 85 -66 -42 25 -80 -71
14 -94 -9 33 -42 -85 -74 -8 -62 26 -33 -80 -96 -23 75 -52 61 -27 -61 7 44 36 14 -71 39 -19 20 36 70 -66 98 -61 -94 -34 -47 40 75 -65 96 -33
-74 -92 -41 -25 36 -54 51 -33 -8 -63 -90 -30 90 -53 -12 -27 -25 81 -20 88 -96 -73 78 -50 85 2 58 -70 91 95 55 93 -27 3 -100 -49 64 84 7 -74
-70 -23 71 -8 5 63 -19 85 70 87 -68 -26 -32 -58 49 64 -84 92 9 -47 -44 64 -25 -82 -10 48 -83 3 83 89 64 76 82 48 78 58 45 -7 -16 19
-76 75 56 -17 82 93 67 -46 80 44 50 -87 59 89 80 -13 24 42 -45 95 36 -65 2 28 86 -49 -93 68 -49 -59 -31 75 -3 -20 76 43 26 -20 64 -2
34 -20 24 -88 -59 -19 94 -7 -83 55 99 35 60 37 -23 23 29 68 36 -31 85 5 7 40 88 -77 69 14 -56 48 -23 52 -77 -59 30 -34 37 76 -45 41
9 -92 49 -5 -6 -50 63 35 2 -23 -11 -41 74 -17 15 22 37 24 19 -76 -15 -14 46 93 -30 95 12 81 54 -68 -11 -84 26 64 -11 -37 -49 22 -79 -69
-2 -87 -43 35 70 59 -80 -7 59 99 97 -82 23 -67 64 -70 -32 -4 -32 0 31 -98 -3 -85 22 87 69 37 99 -26 -78 -50 -62 74 -18 53 99 -6 -67 42
-1 -43 57 90 33 20 -81 -58 82 34 89 -55 2 -8 90 -81 74 16 53 -55 -71 -47 72 45 15 -13 -5 -85 -51 -96 25 5 -78 25 -69 -64 -54 97 82 -17
-15 86 18 -83 -25 41 8 -80 -43 -6 15 26 90 -93 -29 47 -32 41 17 4 35 -66 59 10 -31 -59 -88 -81 68 99 -43 -89 17 -47 45 -53 -76 99 -15 82
-69 2 -4 14 -60 -44 84 -70 95 38 -32 -70 -66 100 70 -85 20 7 35 53 -70 41 -41 51 -7 -83 59 -47 -95 -89 -4 -64 -53 19 65 49 -55 -3 -42 51
81 -22 -20 -97 26 25 0 2 92 -40 45 89 -92 -52 3 8 99 77 -73 -92 13 -8 -14 45 -85 -53 95 41 -52 -96 24 -10 16 -62 -11 -4 3 24 -81 -70
-89 -6 -68 37 63 95 -75 -50 41 -15 -11 36 18 -10 -53 -3 -2 70 -65 -4 -7 98 25 -8 -30 27 66 12 -71 20 -48 55 -40 34 -44 -100 -71 -1 60 12
-42 -78 40 64 -32 -58 -65 -30 -11 12 31 53 46 65 93 -89 74 -45 -11 -39 51 -55 75 40 -1 -100 72 91 -38 -42 18 -41 32 -34 9 30 50 33 11 7
-81 -86 14 87 19 -68 -97 18 62 -42 43 -21 4 78 -92 -100 -81 17 -94 -63 32 76 -99 -32 49 32 -2 -20 77 23 -19 -93 22 36 -69 -75 -38 -41 -5 37
-92 71 45 -43 1 5 -39 4 -49 3 88 45 25 -99 22 65 -26 41 -100 -90 -83 53 -95 84 95 -33 74 97 49 40 65 -89 -50 85 -26 3 80 55 -22 95
-28 -86 -65 -4 -15 62 -42 -12 -68 -47 -33 -34 21 13 -71 -63 18 -17 72 -57 40 74 -8 -65 -8 -55 -82 -35 45 64 -3 78 91 -7 75 70 90 -71 56 18
