-44 -51 -15 -25 72 90 70 94 -90 52 -50 54 57 -54 -83 -16 -38 72 -72 84 -1 28 96 -68 31 -97 -71 -24 -83 69 47 -60 96 -74 85 85 -58 87 73 -28 -45 74 -18 86 2 53 22 25 -61 16
-70 2 90 19 -9 96 99 -83 18 64 80 -86 43 80 63 -9 45 51 -10 -13 -96 -6 -13 30 -64 -51 -62 -52 26 59 5 -79 64 -84 6 98 82 -95 -84 6 -35 99 -38 -86 28 3 -97 -66 35 76
71 -8 55 75 -51 -29 28 11 -67 10 -58 68 -52 -65 0 50 -37 -13 -62 1 -46 -9 -78 -24 -37 -73 88 57 -7 -35 22 1 -24 27 92 -98 -98 -58 17 -78 -16 -62 1 100 -16 -53 75 -62 63 -26
80 -77 66 -64 94 -99 63 -43 -1 -80 42 14 96 -52 74 11 6 -35 36 93 -70 -36 67 37 -83 82 -15 -51 13 59 -98 -11 36 -30 30 28 -61 -36 76 -94 -11 8 90 90 12 61 -26 -5 38 -43
-25 -61 8 -95 8 47 98 15 -77 80 -69 98 -61 35 66 -94 -51 97 -49 12 40 -95 -78 19 26 54 59 -64 8 88 27 -44 -25 -70 90 66 -16 -80 47 69 -31 -73 26 -36 -25 22 -37 99 -80 76
63 36 -85 28 -77 -42 29 -91 -95 -19 7 -75 -50 -8 -23 -17 -87 57 -1 -87 7 12 -25 -95 -39 -42 25 -32 68 29 -23 -42 14 2 54 62 -59 96 96 -27 82 76 -88 -71 -82 99 86 88 65 25
-42 -15 -4 -27 -86 -85 -96 -49 -99 -52 -42 -41 73 -77 38 99 -63 -16 39 -73 -25 70 -74 -92 -18 -78 -32 88 83 -81 60 -72 -97 24 -66 84 98 12 8 -8 66 43 66 82 -42 -35 71 97 53 100
-74 -53 -80 -98 -75 -4 54 -11 -67 -65 98 27 -93 40 -15 56 8 -90 -48 -56 -8 86 86 -52 -30 -30 26 -27 64 79 86 52 12 -8 13 -80 -12 -81 -76 -36 -96 100 26 -82 -22 92 92 30 82 -53
49 95 10 -91 4 17 19 -57 -6 55 -100 -7 17 -52 -21 -19 32 -71 -62 68 36 -85 -59 -19 37 -15 -51 -87 71 94 -97 -42 -5 -65 -33 -24 65 15 3 91 -29 -45 -97 -94 23 27 -3 -32 -88 -90
1 91 -16 48 69 44 99 -94 -47 46 -90 93 -99 -86 -53 8 -44 -57 53 41 -67 -35 -89 53 97 -86 -27 11 -65 93 6 -100 -56 -96 -73 74 93 3 -13 8 40 22 -12 -9 61 -52 -12 30 7 -46
-90 -51 28 -100 22 -80 15 -38 -41 11 -59 -24 32 -53 31 -61 -85 -36 83 -60 60 35 -16 -99 66 -12 -68 76 -63 -79 68 -19 -37 -11 83 19 -23 -1 -90 -50 -15 -10 54 -15 40 -98 61 37 48 94
51 75 65 62 31 100 4 -11 -68 100 -25 71 -34 99 -80 45 65 -20 -99 51 76 85 -54 88 -6 70 49 69 63 27 -63 -97 -99 -67 33 100 14 44 26 39 86 -74 37 -12 -30 -12 43 -7 96 -11
-79 52 -54 -64 13 -89 22 -74 30 50 35 -6 99 80 -43 -64 48 85 -59 -83 -57 -3 56 -7 -2 -69 -1 100 -71 -1 53 36 -46 61 -51 -77 21 25 -24 94 5 23 84 -30 -1 61 -47 -67 75 -100
-12 78 -34 57 69 42 25 -72 62 -65 -94 -49 7 -36 -1 -27 -93 -77 -96 -6 -35 22 -42 -88 -72 38 -94 -31 39 12 -50 49 58 29 100 -21 -40 -20 55 79 -82 32 95 55 15 32 -1 -90 -86 -16
21 -73 -97 38 -42 -65 19 -57 75 -88 -2 21 74 -3 -92 -94 54 -85 46 -6 -12 17 9 36 44 71 -35 1 -13 -32 -41 70 -27 -95 51 69 -65 -42 59 -51 -56 -2 -51 -96 60 -90 -38 -40 89 -90
-55 78 -90 26 80 -71 27 -95 71 73 -18 -61 -76 46 -43 -75 -100 -11 10 65 1 -24 -45 21 -11 69 -49 -71 -70 -69 9 -7 -15 86 -70 -68 36 28 -58 -33 -61 -23 93 -100 28 -12 -37 -97 -13 29
49 89 31 20 26 65 -4 49 71 -15 -71 61 -29 -20 -83 -75 -68 88 6 18 83 31 19 70 -29 31 -26 -5 4 24 52 -20 -50 -30 91 -28 84 50 8 -48 3 -45 63 8 1 9 45 76 -61 78
-30 24 20 17 80 5 -62 -92 68 -15 48 -96 78 -50 82 15 -50 -88 34 -58 47 48 -21 -93 -49 -5 -82 -6 30 -91 82 60 -6 90 58 77 -84 91 -51 -11 -22 29 -38 56 98 -34 -98 -1 -59 -53
89 91 100 39 30 12 -81 83 -4 64 -29 -89 61 88 -65 -15 -66 -42 68 18 -95 -40 -23 72 40 -51 10 -63 1 99 51 91 16 -85 38 -96 99 55 -69 32 15 26 63 -40 -78 10 92 48 93 -42
-76 3 -2 -40 -54 9 -82 54 -2 -50 36 -47 -89 -30 -16 -95 52 -32 -10 47 32 17 -37 40 -44 3 39 31 -73 -78 21 -11 -91 -79 -20 -57 -5 51 27 36 89 -28 76 -22 -85 69 54 -36 93 -85
-16 82 50 -53 98 -93 49 -99 11 49 20 -41 -91 -77 -71 -20 29 -62 -19 41 -56 -96 8 -15 -86 51 45 -23 55 -94 -54 73 76 -13 -86 5 -1 15 -95 -47 -94 -47 -97 68 88 57 35 2 -64 34
-72 5 -22 -59 -26 -42 16 19 39 68 -30 -99 -83 -26 -86 -28 73 27 -93 -10 65 51 -41 -92 -45 59 35 76 40 -2 30 73 -17 -37 -44 -49 -55 -7 70 -8 70 95 68 -94 -100 91 69 -95 -77 -9
7 69 50 -50 -73 83 79 -12 -60 1 87 -75 -52 -10 21 82 75 -36 88 -51 67 -63 -12 -27 82 -81 -13 59 27 -89 48 62 78 70 -50 92 55 -90 31 59 -34 -38 -41 -11 77 100 -26 50 -55 -99
-72 -1 -19 25 42 -51 -73 65 63 -82 -40 -91 -13 35 -29 -39 -32 -6 24 65 -25 -47 -55 88 55 -28 56 -98 59 83 98 48 57 -80 -49 -76 68 12 58 99 -99 -12 -82 -68 75 6 -59 3 -12 35
-89 86 -16 -22 -92 43 32 15 93 -64 -54 90 42 -51 -22 69 62 100 81 -60 6 9 20 33 -41 -10 -9 -48 -20 32 95 -50 72 -54 42 22 -86 -92 16 82 -75 94 -21 -89 -38 -39 68 -3 -53 31
78 81 64 -30 -2 13 -28 -52 6 -29 -76 63 2 -62 58 47 33 79 98 -80 -8 28 -74 91 66 -26 -24 40 -81 72 -37 73 -82 4 -68 54 21 51 -38 -67 -75 -28 -78 35 5 87 -90 29 69 -46
86 -18 97 50 8 38 -16 80 46 65 64 23 69 -60 -54 18 -38 -6 88 93 29 -45 -28 0 -2 12 62 46 46 -81 11 -28 19 -9 9 65 93 5 -27 -57 46 -74 -37 -83 60 -12 -100 -46 -7 45
50 -95 52 30 -41 0 -15 63 33 25 -61 -60 0 100 38 77 -64 -56 4 -50 22 -60 81 49 25 65 100 -69 -76 -39 79 -1 -63 40 -54 -63 -100 20 -46 55 2 -41 -40 -46 76 88 -52 -50 90 1
-32 -75 93 -14 78 39 45 7 -17 -14 58 -80 -69 69 44 14 -52 56 -35 60 66 64 26 57 66 78 -55 25 19 33 -96 -20 -11 88 -48 88 98 37 -96 87 -83 63 -94 -83 -98 41 81 -72 48 68
-16 8 87 96 -56 -24 17 -59 92 93 17 76 40 22 -14 -71 64 51 10 -7 99 -68 -36 14 63 -57 -2 8 -55 -39 -45 -93 36 78 46 32 -16 44 -10 80 85 62 84 34 3 -88 -73 43 1 -78
63 -3 68 47 59 -65 24 -57 -42 -6 75 -88 -57 23 100 -40 1 81 -47 -5 63 -55 -66 -10 -38 -79 29 25 -45 69 -96 78 63 52 -16 -11 -3 -96 28 -54 -2 30 96 -32 19 9 -15 25 76 -45
32 58 95 64 19 -47 -82 20 0 -80 -65 87 -96 -29 5 20 30 -56 -32 100 -8 37 73 -93 -86 12 9 -31 48 97 -87 -78 42 -4 7 -42 40 -25 -41 -90 -67 -11 -73 -97 15 -67 93 69 -56 44
-27 -38 -79 -32 47 -41 81 -78 57 -98 -15 1 50 -72 8 38 16 72 89 -38 92 89 -54 -67 87 -88 54 -5 -86 -61 38 -36 70 -80 0 35 -20 -85 -13 12 -44 97 -40 -62 -86 -79 10 27 -97 -44
-1 91 73 -47 98 38 -95 -47 63 -57 23 -34 -33 50 11 29 39 -6 -35 16 -7 70 -2 -11 -52 69 -14 75 -20 65 -2 -30 61 -30 0 52 -92 -87 49 23 0 -86 -77 -72 98 75 19 -8 -63 16
4 94 -66 80 -5 -36 -52 -33 -100 29 -40 -7 68 88 81 24 -46 74 -85 -94 86 97 -75 82 22 -72 -1 87 -95 -38 39 -93 -11 -99 -82 -72 5 -57 15 -8 40 11 79 -92 76 -93 39 2 -45 -37
51 -85 37 -62 59 -56 48 -72 -43 85 8 47 19 -72 13 93 -20 58 -40 77 11 -52 94 -67 -57 -68 76 -17 35 -93 -46 77 22 -75 76 31 -15 39 -57 -56 8 -39 72 52 3 -60 29 20 89 81
-44 -4 98 10 97 -100 7 59 -25 8 -36 76 -50 36 79 -74 -80 -51 68 -95 -37 -3 -59 49 36 83 -13 -36 -29 -12 -8 57 -65 -63 5 35 78 -37 -7 26 -96 -1 8 -82 35 -48 -92 26 82 15
19 -54 79 43 21 -92 -78 12 -61 81 18 60 25 -11 59 -95 62 -44 -51 31 17 28 -35 -73 80 89 -17 76 8 64 62 48 38 -38 52 -22 -31 -16 0 -61 -48 20 -19 58 -17 -60 -48 55 77 37
64 -44 83 -78 -95 -52 -8 -23 -51 96 42 -50 -33 -12 27 -63 48 40 13 -76 6 45 99 -86 99 -70 -17 -38 -11 -46 -7 -45 33 5 -19 84 -50 -61 76 -80 -54 46 -9 -15 -99 -31 -2 -38 9 -95
-100 74 -29 39 -87 3 -11 28 45 93 85 100 -8 -85 -56 73 -80 97 -56 94 41 -34 -2 18 17 -38 58 11 67 -100 -8 63 67 69 -43 31 -94 52 63 99 26 7 -51 -66 -88 -1 53 -99 -65 62
-55 -8 -23 -79 40 34 79 -64 39 -85 59 5 -88 -35 -67 52 40 70 -11 22 53 -66 52 87 -57 -49 -9 -40 -60 -86 -6 -90 -18 89 -82 -19 11 -13 62 -35 -54 49 14 80 57 -22 81 -66 -19 -3
62 -92 48 -95 -12 -66 73 13 80 -22 83 58 -59 -50 45 -6 86 67 54 -80 -23 55 -30 47 51 -38 50 62 68 -14 -73 22 -45 -3 7 -20 94 28 -90 -54 -73 36 47 41 -54 -72 12 27 -75 11
73 39 65 24 -67 85 54 -38 3 -82 -48 -71 -70 -84 -23 92 13 81 83 -60 -5 100 -81 -58 -61 -4 -86 -83 -48 -72 49 53 49 -65 -86 -24 -80 8 77 38 -78 14 61 62 41 39 65 -5 17 -33
-98 -4 51 -31 38 -48 -17 83 16 -26 32 94 9 3 -4 14 -35 55 -98 -30 -63 39 76 48 -81 -26 -77 92 24 98 5 -84 27 -49 -48 39 -18 -51 -26 18 42 82 67 -100 35 15 21 28 2 -60
76 6 -15 33 -2 59 18 92 16 -18 13 -57 34 -96 12 -2 -4 34 62 -4 72 11 -49 90 53 65 12 -49 -52 75 71 -47 -16 61 -59 -91 -53 8 12 -35 -13 -63 53 36 -97 60 -69 21 -41 70
74 58 -60 -71 80 9 97 52 71 100 -95 -87 -4 -99 37 23 -75 10 -25 99 -58 41 40 -66 -67 -2 -37 1 -65 51 -53 -11 69 100 -92 84 22 -64 -35 -80 97 37 -100 -3 92 -56 61 -65 44 -32
15 4 -2 -96 41 -64 -8 -72 -28 -3 -55 -95 93 -12 -82 83 -20 35 -47 82 -67 -47 -24 61 -68 -24 -1 36 -56 70 -79 -64 95 -67 -76 18 -46 -44 -47 2 75 44 -74 -89 -98 -79 84 8 71 79
93 -61 16 88 -3 -63 -88 77 -2 39 78 -17 49 8 17 -34 -8 32 82 -86 49 -65 31 -20 54 -4 86 18 72 69 20 40 12 -78 79 -97 40 14 8 -60 50 -1 15 -69 -20 -40 -98 -55 85 22
-74 -5 -17 -88 33 57 90 83 -42 20 -85 -70 24 46 29 39 -5 78 99 -47 -59 23 9 16 39 55 -98 97 -59 -27 -88 95 -77 -97 -81 -77 -84 4 -9 22 27 -88 -77 -44 32 3 32 18 43 12
24 77 74 -93 97 -54 -17 -33 -30 0 32 36 65 -71 95 57 53 2 -92 -15 -92 83 -22 -55 80 -72 -36 95 6 -27 73 -35 16 -84 -77 -60 92 -58 17 -85 -8 -87 46 7 -61 -33 5 73 -52 28
