-81 48 55 8 -62 -17 52 -62 79 -74 -54 97 -100 -43 51 -59 -65 50 19 -86 42 91 -35 71 -8 -56 -49 74 64 33 47 95 75 48 19 43 -13 -9 -7 41 -29 -85 -71 -76 75 -95 97 35 -38 86 100 -74 95 -22 75 -18 78 83 -30 39
100 -73 -85 -9 -66 -44 -98 -31 -95 29 30 -10 -63 -90 22 -72 72 33 -47 33 -72 13 92 65 11 81 -78 55 34 32 47 -92 6 46 50 17 -96 -99 19 -53 -9 -89 -95 -5 59 35 -92 -71 68 -38 -21 49 88 -51 -74 -32 21 -49 5 16
-86 -34 0 -95 -66 49 61 21 -51 92 82 -89 60 58 45 31 -5 73 43 -97 -71 -75 -66 -30 92 -23 -33 -71 -39 92 -46 5 -16 -27 93 -11 57 -46 78 -7 -16 89 0 -64 25 59 -98 27 -53 78 58 44 -15 -69 -34 82 35 -53 -16 -58
-49 93 92 -68 91 34 85 31 -10 -10 -31 47 -58 82 97 -26 -94 -70 -54 41 85 10 74 -52 4 99 6 -36 -38 -40 98 -89 98 -53 9 -26 -94 18 -27 -75 50 37 26 64 86 -33 -67 -66 -34 -5 35 -7 42 -33 66 -73 -71 47 7 24
96 -6 53 -93 97 19 -84 -37 -18 -12 -58 -62 83 55 11 10 16 -52 -78 -55 -78 -91 -12 -41 -67 22 96 21 20 -6 42 78 -24 -37 14 53 39 93 47 84 -52 84 37 18 -68 -44 -39 38 98 10 1 -78 20 -37 7 -91 -33 13 47 -38
-71 -54 -55 -56 77 -96 -91 12 44 -41 86 -43 61 -61 56 50 82 -56 59 4 -83 -54 79 29 -39 39 -14 -86 -67 59 -23 52 12 54 79 17 16 -12 17 15 -38 -92 -24 -89 -93 -79 -71 -43 87 -82 -93 58 48 64 3 81 52 -64 90 -81
94 -93 99 61 -66 -53 18 -93 93 76 43 67 87 -30 50 -49 29 -25 8 55 61 -80 -1 -1 -95 94 -42 -83 -63 64 -5 -79 10 2 -53 90 16 -8 -13 -60 -75 80 20 -54 87 -4 67 85 -57 86 -3 -69 96 -99 98 -52 -87 56 -48 -71
-95 18 -50 4 30 -82 11 57 41 54 32 15 -12 -36 94 59 43 11 94 3 -79 34 -26 -50 60 -83 48 4 -62 -59 91 77 60 -25 51 -84 -19 47 37 10 -47 -47 -72 -77 46 -7 -11 1 71 11 -4 -69 13 -55 19 89 -95 -18 -73 -11
47 85 95 86 -14 67 37 64 38 -27 13 -39 -99 56 92 -23 -26 -51 -17 45 -67 18 -45 27 -42 16 18 -65 -7 47 55 24 98 -41 23 30 28 1 -24 53 32 -1 66 -51 -44 -62 -21 -28 -22 -46 65 58 -85 -51 14 60 -8 14 77 28
-28 -43 -19 39 67 82 42 -47 65 52 -33 -95 -24 -5 -85 8 -5 43 -51 -50 -15 15 44 -33 81 -3 -28 -49 36 39 -4 93 -66 75 68 -39 2 39 55 -15 -78 -61 65 67 -41 -72 -14 42 -84 44 -46 -11 -17 -92 61 -62 91 -32 48 94
-17 -98 -8 4 82 -100 -52 -92 14 81 13 -92 -39 33 67 -3 -49 -64 53 30 27 -33 35 -4 97 -88 88 13 -35 -50 -84 56 63 92 71 -37 89 4 -54 37 -70 -95 -79 -75 37 -69 -58 -78 -83 40 -100 -96 25 87 -35 -59 8 -23 -20 -49
88 40 32 2 -69 -5 -12 -86 -75 52 1 93 -4 3 -31 -53 7 18 -65 88 62 20 -53 75 23 69 -78 -83 -77 -64 -69 -67 37 12 -40 74 87 -56 -37 72 89 41 100 -86 -25 84 3 -86 -79 -54 -61 96 -42 22 -24 -87 -39 -95 20 4
-92 19 -8 -30 -12 56 -69 28 -99 58 -17 -21 -50 -42 15 -2 -47 -32 27 -16 -94 57 -69 -89 22 68 89 83 -18 8 98 59 97 91 -19 -88 -97 92 54 -8 -62 -53 23 -82 18 -36 -4 11 -93 75 -4 -73 -76 -45 -14 70 -77 -37 83 8
-41 36 -35 82 -56 63 -6 -48 22 21 29 94 38 -47 -6 -69 80 -85 10 -4 -36 73 81 17 60 -79 89 5 47 -69 24 -43 75 99 50 -52 -49 53 87 11 -33 38 72 -71 78 -52 -26 47 -98 -25 -63 -88 52 -28 70 57 16 -69 -88 -56
-10 57 33 19 -20 54 89 6 34 55 30 45 -25 -26 -53 93 73 -4 47 40 -87 72 18 72 -8 35 26 -77 97 -38 30 63 4 -59 99 5 81 57 -59 -28 -87 -19 75 -67 -37 -18 4 40 47 27 -52 -43 -38 -38 58 -15 -43 -20 -72 100
-65 -19 26 -65 -53 81 20 66 -60 92 2 32 76 -69 -29 12 -86 10 9 -91 13 -3 76 -18 -43 72 42 33 21 27 -18 22 -42 -22 -20 22 74 -57 11 32 26 68 -94 -64 65 -37 -95 14 99 -39 83 75 28 -74 -81 -3 -29 -69 35 90
30 -48 29 -81 -1 -48 -13 -61 70 74 -23 5 -29 5 -76 6 66 21 41 40 -66 63 25 -83 -30 12 70 -26 72 -28 -60 -7 20 -2 -96 -30 69 -86 9 -52 32 -14 -19 87 -86 26 -25 90 69 -37 -55 -43 55 60 70 11 40 9 -15 67
-42 -58 27 -11 -94 -99 39 -29 17 58 75 -58 89 16 -34 -66 -60 -75 -86 -52 -88 -34 -53 -56 81 -91 -92 0 9 -91 -14 76 -3 -83 -26 -49 90 -38 -8 -66 79 96 -70 65 9 -93 75 28 -70 -49 -68 -41 24 -58 -29 -18 53 -79 59 76
-35 10 15 -57 11 44 -43 -57 86 -29 -32 -33 -22 92 88 64 -96 10 45 -66 -66 -56 -66 17 -40 34 -93 -41 78 -9 -88 50 -27 26 60 -86 47 -41 61 66 1 -43 12 -55 43 73 17 21 -26 4 50 63 38 -73 -57 59 -33 70 3 -61
38 -73 57 -1 -20 -22 86 2 69 7 -65 -88 39 -87 -69 -74 17 57 -47 -91 62 -56 54 -73 77 -3 -62 -16 -47 -46 -15 87 51 98 -64 -82 24 -19 -43 -95 -78 40 -66 55 83 -92 99 24 65 -18 45 -20 28 91 -9 -98 -99 -68 -69 97
95 -11 -45 78 50 59 33 -49 -88 38 88 -29 -86 -65 -49 77 -20 34 -55 -88 10 -65 -35 -21 -62 98 34 40 92 70 -53 -72 59 -63 -14 66 30 43 33 -38 25 -44 10 27 -94 51 -83 61 -53 17 87 -82 56 -67 68 -11 65 50 11 15
-62 24 53 54 -81 5 -94 72 -81 -22 -3 59 -82 -95 65 79 98 69 92 -19 -56 21 21 -86 83 14 -18 -60 78 -59 -22 -62 25 76 84 -67 -93 -30 -79 -84 -14 63 31 -10 -9 0 98 95 21 -45 97 98 -90 27 -9 83 11 46 97 71
-29 56 91 47 -18 73 -42 -41 83 2 -35 5 24 -74 78 -38 -84 -10 -42 22 84 -22 66 -11 75 -87 -30 46 -11 20 12 32 56 -79 79 -86 90 -42 -20 -86 87 -29 94 20 -20 83 22 10 -39 -100 -65 -72 12 -64 26 -28 -46 -17 93 53
-93 75 -50 46 -61 73 -68 89 -7 13 7 66 -81 -55 10 48 40 73 -62 54 73 -94 21 76 -6 74 -1 -72 -20 28 -58 -37 -88 97 99 61 17 36 49 100 46 67 67 10 37 29 46 -93 6 -13 17 -10 87 17 27 -94 51 -1 -50 -75
-70 -1 21 -4 -73 -16 -23 -4 10 -89 -78 -83 6 96 6 -100 34 80 100 56 -74 -75 76 88 -49 -20 45 -51 -93 -1 49 -5 -5 -13 22 52 11 55 81 -12 60 -49 84 -49 -61 -36 -26 3 73 10 12 100 -71 33 -80 89 62 44 -17 89
-33 -30 20 3 -23 60 -5 -52 41 -86 31 51 38 49 -3 7 99 -96 27 -92 13 -8 -31 30 -35 93 -4 54 -61 -35 -47 43 -21 12 -6 -86 19 22 78 37 51 -84 82 -54 -21 83 -36 98 51 -97 46 -90 -2 90 -51 27 94 -46 -14 -43
19 50 -47 -8 33 -4 44 77 82 -71 78 45 -44 68 58 30 60 -58 -59 -34 87 14 -2 67 -44 54 28 -90 65 51 55 -96 -57 -32 -88 -56 85 91 96 -3 81 64 -76 51 85 -52 49 5 -6 41 96 -73 -65 51 -49 93 -68 -72 -12 -72
-30 100 34 50 41 -27 -21 28 52 63 54 -13 77 32 6 84 -33 -84 91 -33 33 85 95 -62 -94 -64 82 -83 -25 34 14 41 -97 14 8 54 -92 88 91 9 -92 53 -80 -60 54 -48 -23 -89 87 -27 37 -90 -26 -39 21 -33 30 72 -42 -33
-68 36 -4 -14 31 96 94 50 57 -50 29 -16 -53 45 -55 -59 -64 45 -70 85 39 11 31 32 -66 57 61 87 4 -2 -64 2 -45 -29 -83 98 99 18 -89 -83 25 90 57 -48 -30 -96 44 -35 -19 -39 -88 15 74 -25 -36 -57 -78 22 -81 26
-64 -32 30 17 47 -29 -69 -67 -57 -44 87 -12 3 -66 13 -17 78 -51 -64 -1 -96 9 -8 26 62 -56 53 6 -11 -71 -38 -59 -69 77 -59 -32 -74 54 50 -23 79 12 -58 62 98 73 69 31 -84 21 48 -26 95 -2 -29 67 -99 -11 20 -32
41 88 89 -64 1 42 -73 25 -91 -15 -72 -68 76 31 17 64 53 -14 35 37 -93 92 -31 -3 -97 94 75 91 59 -61 90 -26 -74 -77 -72 52 -89 -66 -100 -5 21 86 2 66 3 -70 -10 80 51 -38 -20 6 54 44 43 64 -69 -68 -34 37
-59 54 -63 16 -58 -84 -73 25 -29 97 86 -60 -52 -66 60 100 -7 -61 26 4 -17 -98 -72 91 34 14 -74 -13 -3 -58 50 -50 81 68 -38 -45 49 -61 30 81 -22 12 71 16 -99 11 84 79 -29 -46 13 27 38 -24 12 -1 5 19 -11 55
-57 34 -88 -50 -100 -5 -10 -39 -14 45 -87 34 36 62 75 -84 70 -36 14 -43 -8 10 -38 2 48 -91 -88 10 82 71 -19 -25 -88 -72 15 49 83 5 17 4 -7 70 95 84 -69 -3 -70 10 76 -73 -47 92 -6 -28 -23 1 50 55 25 67
-9 38 -71 -53 70 7 -9 -61 -4 -20 14 34 23 -38 74 -67 47 70 76 42 -27 -21 47 22 -49 -29 -67 -15 -6 -40 71 -77 -5 70 -12 30 40 16 -32 -91 92 -88 89 -77 -57 -89 96 2 48 86 95 86 53 96 10 97 -65 87 38 28
8 10 -48 -63 -77 49 69 -38 -70 -13 -81 4 -61 -85 7 28 57 33 -53 71 1 99 -36 24 -4 -90 1 -11 -67 -26 -29 -100 57 24 53 -35 31 84 -61 -66 32 13 -50 -58 -29 34 -42 30 87 78 -83 -85 -98 74 51 62 -98 88 96 53
28 -60 -74 -89 -61 58 92 -56 -69 76 48 27 72 50 57 47 66 93 -37 -94 38 -35 -81 -89 -12 58 7 -89 0 -15 96 85 32 69 65 71 -11 29 70 78 81 -20 78 -60 82 57 96 -44 -92 67 74 -25 -6 -29 -76 -87 -23 84 -34 53
-73 91 44 -92 -35 53 -31 -71 -73 -27 76 -1 -18 28 -98 8 68 11 -23 -66 51 -36 -19 -27 -74 -45 35 -55 39 83 27 9 -87 -3 9 9 96 -67 -85 -49 -74 -32 28 46 66 18 22 -24 7 69 -57 97 -77 3 -38 79 -10 -86 75 -23
99 26 90 72 -56 -57 0 53 6 -93 24 71 -69 -53 48 24 81 40 -57 33 0 76 -89 67 19 5 -3 17 7 60 85 65 100 83 93 -8 60 -94 40 -33 35 67 -67 37 6 -47 61 66 63 -34 -78 76 6 44 79 15 -13 94 -57 -72
15 -37 -83 98 -26 12 -15 -71 -61 -96 -92 40 -55 -12 78 67 -38 -40 79 -73 79 38 47 -48 85 83 -66 60 -46 -16 84 88 48 20 -85 -34 -71 88 89 0 79 25 -44 -69 -66 14 21 83 -35 44 -85 -46 75 -8 11 79 -60 -70 92 27
-82 -44 15 60 26 57 43 -12 -3 70 65 -80 32 -62 -50 -85 -44 -64 -91 -20 15 33 -88 -86 61 8 18 21 -12 -17 -63 69 63 80 97 -81 38 -53 -47 6 -65 -75 59 5 29 4 -96 -81 24 3 -55 -65 96 -2 -57 -51 -36 -70 96 -5
-36 29 -100 12 -77 81 31 -48 -23 96 -32 94 -52 5 -73 2 -10 -36 76 13 -90 -92 -100 -44 46 32 10 -80 24 -63 -8 63 79 -41 -97 83 72 -10 49 70 42 69 -43 100 -32 -67 40 67 57 30 16 75 82 74 -2 56 -45 71 6 43
-67 -91 82 -24 -50 9 -20 81 -33 69 14 81 -25 -45 63 80 -7 17 94 -29 62 38 -77 43 -43 -68 -32 -40 3 64 -59 -93 -61 -87 -37 15 -27 -84 -53 -49 33 -2 -44 -69 -47 97 -79 56 72 -66 86 -52 -84 -59 -85 -69 -11 -84 22 88
-37 15 32 -52 8 6 -2 62 -27 14 28 -25 71 -75 -30 79 -18 -74 -30 98 92 56 66 -75 -97 -53 15 20 -37 10 -2 37 -13 -71 -59 -15 85 -45 -61 -55 100 73 -38 -60 77 89 36 -57 -60 80 75 -45 -11 -37 38 16 -94 -42 -52 -17
75 -75 5 5 -16 -28 31 56 -95 7 1 -47 2 17 97 58 12 -14 -46 18 98 -38 -67 -47 100 77 -100 7 -45 -34 -29 37 -83 -49 27 -55 96 0 -36 -79 -79 26 -27 59 -69 23 45 19 17 84 39 -59 84 69 51 27 -93 -7 -36 -44
7 -99 34 -85 -53 50 96 52 -84 -78 -88 -58 33 8 -93 1 -44 17 -83 -38 72 85 -80 -44 -95 -59 26 -30 24 100 -18 6 -74 32 -22 34 68 -98 -28 -74 32 -87 69 -60 -79 -63 -69 100 -55 13 -89 -80 62 -9 92 9 -54 48 23 -70
-11 84 -60 -92 35 -62 77 -70 -44 -5 -45 -87 -96 -41 53 -11 65 64 76 39 81 -90 -37 -57 90 -94 -27 -12 64 9 -2 16 83 -65 13 -30 63 -51 99 67 14 -76 66 -70 76 13 -86 -48 -43 -47 31 -51 25 30 30 68 -16 70 92 39
8 -99 10 -43 94 31 77 34 57 84 94 97 16 34 65 -56 93 90 -90 19 -65 91 -68 48 -87 -48 -85 -5 9 -54 94 40 75 38 -41 -63 -35 8 -54 96 50 82 50 57 -88 -41 -20 82 54 -72 56 88 92 -57 -91 -60 59 -47 59 67
12 -3 71 71 75 -76 -2 -56 64 -40 77 -47 48 97 41 3 -83 59 33 -94 -79 -81 70 -44 -15 -20 -57 4 -99 65 6 -69 -39 37 -77 27 47 -11 -59 -16 66 -42 17 -76 2 -42 -27 70 -45 -56 -35 -23 -27 84 65 -2 -100 1 -32 -95
-5 81 47 58 -88 -89 -72 83 4 -45 58 -13 -91 65 -24 -2 -85 76 -68 -33 -5 -52 26 26 99 54 2 3 1 96 77 -43 -43 -16 -41 -54 73 -62 94 -65 87 -71 -48 -69 93 -46 -25 59 -2 -7 50 -5 -75 95 -74 -26 51 -82 65 39
-61 59 -36 37 94 -68 14 -28 8 -22 26 74 8 -99 39 57 -6 4 81 70 85 -85 -80 61 -38 -33 -59 -45 -40 21 -97 90 49 90 72 26 -50 -70 75 -5 -62 -7 -71 94 -34 37 94 -53 36 54 88 -8 -20 29 18 34 -34 59 29 -52
84 45 28 -97 3 20 50 1 65 34 -7 -60 -95 84 1 26 69 -90 -43 19 -88 -13 18 0 12 61 -82 -46 -55 44 -37 -55 -33 -40 100 -21 -19 -42 73 94 -58 -72 26 -67 61 -94 31 27 -81 -4 22 -78 -77 -1 82 -5 37 52 58 -37
25 -82 29 -26 89 -46 40 -4 -22 9 -20 14 -79 -83 -15 -43 68 47 -4 91 40 76 -47 55 75 -1 82 -19 -31 77 53 47 -27 1 -52 93 -76 -28 14 75 85 -59 10 31 -99 95 65 -37 -50 38 2 -44 14 93 -39 90 -51 2 41 55
-7 64 60 2 -17 -72 -30 -95 -86 -1 26 74 -86 -90 39 96 80 7 8 71 -30 -78 -13 -85 69 -24 72 73 25 0 -75 -61 48 -28 75 -67 -24 -24 -76 86 -34 -81 55 -91 -89 -100 -86 58 19 -5 85 91 -27 66 -24 -73 -52 -56 95 13
-2 -64 33 -33 -41 -12 -10 32 33 4 -45 -27 -23 -48 70 54 7 95 83 -9 49 -68 -16 40 -41 -36 -73 -76 -40 51 -7 61 96 -57 93 -52 45 96 -61 76 79 -92 -90 10 13 -2 98 -88 -70 -24 -11 -65 -59 81 48 -91 -52 -85 81 64
21 -83 -34 -97 -25 -72 -18 -43 -24 64 98 -18 8 71 -29 48 -42 81 42 -38 63 78 -89 51 74 -53 -35 -5 -50 46 39 17 -10 70 95 -36 99 50 9 -87 100 -37 -49 20 59 -95 -36 -5 33 -50 -6 -82 -94 96 -23 29 39 -26 99 -88
98 -48 -23 13 -28 -16 27 12 -30 -53 66 92 7 39 69 58 -44 70 93 80 -73 47 -36 16 -3 34 -71 -74 -24 47 -7 39 -10 35 94 -39 -24 -22 -25 40 -3 -29 -64 73 -47 56 56 33 36 98 40 -84 60 -32 97 4 -56 56 -27 25
81 -74 -21 72 1 20 -22 87 -64 -64 91 98 95 -59 59 3 -37 -13 22 -82 -32 86 -52 33 -75 82 20 19 43 -17 -66 71 50 -68 -17 66 26 -94 -97 -18 -32 79 34 66 1 -5 -5 76 -64 50 -42 -1 -27 -88 27 64 -63 34 53 -36
94 -31 -8 98 -76 81 -91 -10 52 -65 100 51 -28 -88 55 -95 4 99 75 81 69 -30 29 81 -17 -26 11 -71 -46 -10 0 -77 -58 -80 74 -98 45 76 37 36 59 -19 -7 -76 -89 -34 -47 -23 -25 8 65 -99 -58 -72 -100 31 97 -69 1 16
66 4 -10 41 63 84 69 16 -40 45 94 14 23 34 -24 -69 -73 28 -3 9 -63 -15 -19 -92 -96 -1 99 -60 67 72 -80 74 30 34 4 16 -26 -35 -99 -73 85 8 39 26 -32 84 -8 -84 2 -23 -36 -71 -52 -7 -42 -50 -8 -73 5 91
72 -30 39 -24 11 33 -19 -75 84 -92 28 -9 -34 -65 -8 -48 63 37 40 8 -85 -57 -87 36 27 -23 -5 -18 -57 100 51 76 73 90 -85 -27 56 53 -60 -24 -70 80 64 1 77 63 36 -16 10 -67 14 -27 -8 20 95 23 100 71 -79 -84
