92 -50 18 31 61 49 -62 -92 -52 86 73 -2 -52 -17 68 -23 91 21 -52 67 56 -53 7 -19 -87 -8 38 94 -6 -48 -14 -84 26 33 -37 32 -37 -81 -25 48 -35 1 -6 51 58 -31 63 50 37 3 -36 77 -13 74 95 2 -91 19 -38 79 -27 31 12 50 50 -37 -28 15 79 -24
-50 -71 -52 -36 -52 14 -26 -28 69 -49 84 94 -74 -28 -5 17 -63 62 25 43 37 -69 42 -43 17 61 74 -18 -58 -96 34 -97 -85 75 -97 -51 -79 -20 40 86 55 -63 -50 61 52 -82 36 -82 86 26 39 17 43 55 100 62 -55 -47 -72 48 -30 -79 98 -55 -33 -56 -60 45 75 -53
23 -11 -47 -62 61 61 -45 -92 62 6 70 -54 -6 21 -94 -65 38 -53 15 -91 -31 91 85 -56 -4 37 -3 -90 -50 91 -51 -15 -97 -1 -77 84 42 -22 -57 44 -66 42 9 97 63 -91 -61 97 24 -33 44 -93 -63 -94 -66 -48 -38 10 -46 72 -74 75 68 95 46 10 -72 29 -70 -90
98 37 -72 -56 -54 -27 30 33 100 12 33 -89 13 -86 -54 100 -82 -59 -55 71 -20 19 64 -72 52 41 66 -41 -12 -56 76 24 1 36 -87 75 -1 75 -36 18 54 98 46 -50 44 -92 13 -10 -18 41 70 -42 -11 -17 97 5 -36 44 -84 -42 5 -43 -28 -28 47 47 -11 -71 15 -85
12 23 60 -66 100 -50 -14 40 -16 -32 -21 26 -94 48 10 9 -24 -29 86 70 -36 -83 -34 27 64 67 -17 -10 41 37 -59 52 -92 82 9 -31 61 3 -57 -82 -63 68 54 52 -41 13 11 22 -24 -45 -10 53 52 65 12 -59 -43 36 30 25 54 -95 34 88 64 80 89 -22 10 -4
43 -53 -18 -59 -93 -64 -33 96 -32 79 19 100 -28 -76 -100 -40 27 -84 -75 13 19 -60 82 51 83 87 0 36 39 78 -99 -16 58 83 19 -15 -26 -74 75 -90 -21 23 30 -20 99 43 33 -94 32 -79 81 -2 87 -56 12 35 -39 -62 74 18 99 46 76 99 89 -79 33 19 60 -56
11 92 -96 12 30 -50 -54 1 61 -21 -20 12 -38 -16 -38 -53 85 45 70 69 75 80 -81 -88 67 2 -66 -20 70 -4 -54 -44 -33 -29 95 -28 -91 -86 -97 94 -75 -97 21 -53 74 28 -94 -1 27 -19 72 -65 -50 -67 -26 -13 91 -62 -87 -99 -46 -65 55 -41 -48 -13 -46 89 63 -90
51 -82 26 -20 100 71 89 32 28 -17 44 -5 4 74 -63 -83 94 -47 -46 -51 10 -36 -32 -90 -11 30 39 -25 46 -68 32 99 -51 -39 -31 -5 1 -91 43 90 -31 -47 -71 80 -65 -96 24 1 5 32 28 13 8 -17 -59 -54 28 -25 -72 12 100 52 -71 39 -15 25 -61 30 -52 49
-50 -56 10 -81 -36 -66 86 -72 39 30 -79 90 56 -98 35 -42 -35 -34 77 -39 -65 22 45 -4 35 -45 -9 26 -79 -95 99 52 77 63 -47 -61 87 51 100 20 35 -18 -37 -89 65 -25 -32 57 22 74 33 100 -71 -10 -15 -55 86 -29 64 12 39 -83 -97 -48 97 94 39 60 -22 66
-8 1 96 -72 55 50 50 -69 -82 -5 87 34 -19 94 73 83 82 34 42 -4 79 -45 -87 0 56 -34 77 -46 -34 -36 -41 39 18 -56 -72 -66 -63 35 84 44 -55 -79 49 -45 -39 -95 97 -3 14 30 72 -92 -43 3 20 -33 -60 64 -22 65 75 -47 98 9 50 -34 -63 -40 97 -9
73 -16 -47 100 59 86 -69 -10 0 55 65 94 -78 77 -57 0 42 -1 -20 -88 4 45 -62 32 13 7 -67 27 67 67 86 -11 69 2 -38 70 26 -68 54 14 -13 41 -37 -41 -8 -21 -61 -61 -45 -11 4 62 -60 71 20 -28 61 -53 -70 -35 -70 84 57 -50 -30 -32 -19 50 43 82
66 -31 16 -57 -18 58 -25 17 -24 16 -46 77 -11 -38 -27 -64 -26 -17 -96 49 99 52 -32 -10 -36 -59 -60 -81 -33 3 -52 16 14 -3 -50 15 -28 -66 81 1 34 -55 46 -54 -16 67 -69 31 -5 77 -32 8 -43 -40 28 91 57 81 -9 -16 -59 65 -51 47 72 -31 -20 -15 -9 -31
-39 -26 14 59 21 -50 -67 -20 -32 -63 57 -45 -24 -83 -13 -85 3 -15 100 -66 -28 100 -68 67 -45 -89 -66 -51 33 -90 -20 -4 -38 -46 51 77 -79 -31 -83 -73 -25 -45 73 -40 63 93 51 -20 -80 50 57 74 79 -80 -24 -72 89 -36 89 54 46 21 -79 43 45 -37 80 -11 -56 43
-39 -98 8 -86 55 22 -68 93 7 23 5 69 37 77 84 43 -49 -15 0 40 -57 -90 -18 69 -4 13 39 -10 -88 -79 -51 25 -96 -17 -1 90 33 -82 82 -89 19 -28 32 -36 -58 59 -22 -3 -27 75 63 -97 70 -74 -6 -86 -100 14 70 -96 12 -55 -63 -14 -90 -72 53 98 -63 26
-42 5 -51 -52 -20 1 23 -59 31 88 27 92 -33 5 11 -76 -78 39 6 22 -59 95 -9 61 22 75 80 27 -79 -45 12 -19 26 -6 82 51 69 25 -76 96 81 13 42 -44 20 -87 -21 28 -25 -9 -88 -19 -9 100 82 -26 75 -49 -83 -56 -5 -14 51 78 43 23 -32 6 37 41
64 72 -76 66 1 61 54 58 -18 14 71 -97 -45 -44 -17 -87 17 8 -80 40 -60 37 9 73 89 44 36 -31 59 0 4 -82 -33 -5 58 6 65 -72 -34 -98 -25 60 -71 -82 -70 -38 -95 44 79 -11 -9 -90 -36 -3 6 65 -55 81 99 61 -69 -98 6 -71 -58 80 -11 -9 -91 -40
-72 34 52 29 28 62 -39 32 -42 7 77 21 -60 -80 69 -65 68 -14 33 -12 -38 51 29 -97 27 22 27 19 81 -36 -55 40 -53 20 38 2 60 -84 -15 100 6 -26 -28 44 26 -84 -16 -39 0 17 -60 -49 31 -41 84 -89 -14 -86 -16 -44 -23 -86 52 91 -55 -95 53 18 34 -59
74 -6 -24 7 -39 40 -43 27 -10 -12 91 -47 0 -24 -40 -50 70 73 34 6 -20 -73 19 -24 96 25 -12 -3 92 -28 -99 31 8 95 -50 5 4 40 -89 1 -72 -11 51 -50 47 33 -75 -41 -96 49 -89 -40 -38 72 71 40 41 -27 -13 -38 -60 -34 49 47 -92 -87 -87 68 13 -60
-29 47 -16 52 -99 7 -25 -89 -78 73 38 75 -51 90 -21 -41 -62 -36 51 38 60 -84 -25 7 -86 -76 -97 48 -70 -47 57 28 -3 -99 -42 -44 -79 9 -68 -58 97 47 32 -68 6 -99 56 53 -42 -41 27 85 97 32 44 53 47 -54 -48 -88 89 -40 -57 -24 90 5 38 -23 2 16
-29 61 98 -97 86 59 68 80 78 -18 10 96 95 -54 -73 -61 -14 38 -18 79 28 -64 -35 -11 17 80 -97 -18 -27 38 57 97 -76 96 -49 -51 70 -60 24 81 2 16 37 94 -99 19 88 -90 3 62 78 -10 -64 -55 -32 -35 92 -44 -14 35 -12 -68 -79 24 -78 44 -43 -23 -97 -100
86 61 -64 14 17 -80 78 -85 41 7 -80 38 -3 32 21 44 56 77 43 76 -19 -48 -35 13 -78 -29 -84 72 -13 66 14 0 -10 88 -76 -34 29 -2 96 -49 31 -81 -78 -73 -68 -12 -30 68 -54 66 16 7 50 84 46 -74 55 50 32 -12 -52 -70 98 46 -51 -45 -88 -81 56 59
2 45 -82 -12 22 -33 1 43 93 -10 72 -84 56 -76 -89 -49 22 -37 61 43 -49 -87 19 26 -6 73 -60 -73 -68 -57 92 39 43 -8 47 36 -11 -81 -48 0 -74 -87 11 -60 47 38 90 43 -8 -83 -18 72 -49 24 100 3 -89 -68 -80 -33 -99 -28 78 18 -99 19 -68 57 -38 12
87 67 33 -62 48 84 -95 -79 25 44 -6 27 18 77 74 8 32 -20 100 84 76 23 10 -81 96 -27 -97 -94 43 59 -66 -28 -25 -20 28 -18 -50 -13 68 52 89 -73 -13 -21 -91 2 -12 -88 41 45 61 6 -97 -66 -2 -97 -67 -55 8 -71 -42 15 -4 93 7 89 -35 -40 -6 17
21 99 7 -34 30 73 -8 45 55 -45 -37 80 28 21 -92 0 22 -85 16 -54 13 -95 94 81 -41 27 -68 -71 -76 40 -73 48 -47 -59 58 39 -25 -19 78 96 -5 -8 -58 80 91 -15 -95 0 77 23 -72 -52 -43 98 69 21 27 27 7 -67 -56 -25 -65 -28 -59 58 -92 74 74 13
30 -59 -50 -18 12 19 82 -48 19 -83 -89 -51 86 13 -34 -71 -77 -45 -85 -47 3 14 -13 80 -21 -25 -92 50 -83 82 -15 83 68 79 90 -10 19 100 -4 -87 92 56 -17 34 -75 -31 100 -85 -78 -69 -1 60 -47 -46 -85 -80 -88 -30 -10 6 -100 -8 28 75 14 88 26 43 29 73
-32 0 35 -40 -8 -1 -68 -99 20 27 -11 -2 65 -19 -13 -6 40 -40 -21 86 87 -68 97 -61 49 -63 91 -89 -18 -92 -53 23 58 49 80 -96 95 -85 48 13 93 92 40 -58 66 50 81 -48 -60 -65 -100 -73 -70 -85 -37 -35 -21 58 54 -65 3 -70 -95 7 68 68 -79 36 -90 57
41 83 -73 -14 38 -78 -40 -11 -32 -10 -50 77 90 55 18 68 -92 -89 34 -69 7 65 30 -97 100 -89 71 -76 -95 -8 -41 -29 -13 77 7 100 -24 70 -71 -5 -83 11 -20 95 62 2 69 -55 -40 -10 10 9 -88 71 -58 11 16 28 79 25 81 85 94 63 -1 63 37 63 -95 -59
-89 58 99 94 40 68 -60 -60 -40 92 -41 70 -55 15 -31 -91 -66 67 -31 -8 -56 -4 29 58 93 -48 -99 91 22 -31 -94 53 63 67 49 18 40 29 -98 14 -77 26 5 -78 -31 63 66 -14 17 -21 -64 -24 -92 -57 -56 -100 50 -70 -49 -55 4 -17 -45 44 -62 29 71 -12 -45 52
32 -97 -26 -71 86 10 -44 50 0 -43 8 -92 -36 18 -85 42 8 83 16 34 -90 -43 -88 14 72 54 -66 79 -31 -16 82 49 82 -55 1 83 -98 31 42 98 33 -61 99 76 98 82 100 -57 -47 96 34 -12 1 37 -11 -13 18 -33 -23 45 -65 -41 -38 10 -39 -53 25 -25 -21 -25
-38 46 -81 -8 -9 -16 30 -61 -30 -31 11 38 -9 -61 96 89 -59 -32 -30 -100 -90 27 31 -11 15 -36 -23 38 89 -55 21 -19 -49 -61 -22 -74 35 -68 -28 -31 -69 -17 21 -37 -62 35 34 76 -34 2 11 21 -23 -38 30 68 -14 65 -53 -60 25 -87 -4 50 -88 68 -65 -22 -9 -49
11 92 -65 -64 71 -99 82 15 -84 -93 27 -98 47 -30 -1 -86 -87 85 -96 -42 -90 95 43 -63 -89 -34 -15 68 6 -29 -62 -18 -36 17 11 -1 -13 -75 80 41 86 -96 72 58 -76 -23 56 -14 -5 -80 -75 19 -84 -11 81 36 85 66 -22 18 -74 78 -85 79 65 49 -96 23 10 80
-14 9 72 30 -38 69 -87 -18 -88 37 89 32 38 55 50 -36 86 -62 -37 -99 5 47 88 -32 -40 -25 -59 32 81 -73 -66 -2 -8 42 10 -70 -81 51 -98 95 19 14 -39 6 -100 28 -34 -6 -78 43 98 54 27 28 58 -39 17 91 17 26 71 -39 55 61 -7 24 41 78 69 25
-43 100 23 -93 46 65 -80 -51 -2 -67 -80 31 24 -82 70 -72 -68 -21 -64 -68 68 47 -94 -6 75 -74 22 55 41 10 17 16 74 -1 69 42 54 83 -73 54 -72 56 39 77 99 -46 -96 46 95 79 40 -77 -17 -26 97 12 78 48 -25 57 26 46 -87 4 55 -62 12 60 -41 -29
69 -63 25 -71 85 4 -10 90 -90 -95 -18 68 -50 76 -82 2 -74 40 -52 61 83 -18 -42 83 -96 -64 -94 97 87 27 70 19 -26 72 32 -69 78 50 9 57 -11 69 10 -41 -46 -40 7 13 53 -31 -83 62 75 -76 32 -97 -91 -29 -93 -78 -42 -82 64 51 17 -26 72 12 -73 -62
68 64 43 -92 -99 10 25 -6 -23 -29 -64 -78 -90 19 -87 -32 -30 -13 -64 -90 -3 -93 49 39 -44 -63 78 -15 34 -65 68 97 13 17 52 5 -59 87 -33 10 -45 -56 -47 -10 -93 -26 1 -38 -43 -20 55 -82 -1 -11 20 -10 67 -28 -43 -40 47 -20 -16 99 53 -71 -4 -93 62 55
10 46 -99 -47 -9 55 -19 40 -33 36 61 -59 4 71 -88 28 -57 -30 16 80 22 -49 31 -24 77 1 -89 92 22 -70 78 -44 32 -80 -76 42 95 89 -95 -1 53 -95 -80 -41 36 -83 88 -60 -10 42 72 -59 90 17 -86 26 -22 94 78 -52 56 -52 51 -85 -85 -75 17 33 -16 -18
68 29 -54 6 -74 -76 -82 14 -35 81 48 -88 -50 8 -19 -49 1 54 -25 -69 -30 -68 -56 -4 13 43 -24 55 -86 89 -67 2 -41 -48 -42 46 40 82 -86 -52 41 -4 39 2 89 -68 -40 -20 -91 -16 60 -44 -23 -19 -86 -22 -52 -66 -2 -58 -16 87 -76 -38 26 -17 25 -91 20 -47
-97 -45 -41 33 -71 72 89 84 -86 -71 50 -53 69 9 73 84 -88 18 6 74 -67 98 43 -30 59 -29 -59 -81 66 -91 -53 59 -66 46 -4 72 72 98 64 -16 25 63 66 2 -5 0 -48 56 -57 -40 89 -21 79 15 65 -2 -51 22 -31 26 -33 50 19 -21 -26 57 6 -39 33 35
-31 -53 -79 60 -15 -66 64 -82 -64 45 -90 -46 70 45 -15 -41 82 79 6 -71 52 86 -70 -26 -17 -67 4 57 -47 -80 -12 -48 79 -85 87 7 12 2 90 -8 -29 -10 5 -74 -70 55 42 73 69 -58 83 47 77 55 74 -46 41 -68 -56 -32 73 -3 -98 -49 -15 60 -64 49 44 -88
-20 23 16 90 81 32 -33 -96 9 74 -30 -82 -38 100 69 -9 41 14 70 -54 -2 89 64 -81 -64 43 40 -93 65 -80 -7 -33 -82 30 75 69 -46 -74 -42 43 51 -51 26 49 -29 24 -75 40 67 -35 61 81 76 30 83 -80 35 49 8 -48 -45 -33 21 73 62 36 58 45 -44 95
-81 -63 6 -58 -57 13 48 75 -72 68 36 -57 60 100 -76 60 -23 84 -20 73 -15 -55 93 86 -26 -75 38 -43 72 -23 32 21 -94 56 46 52 34 13 77 -63 -87 29 89 -3 -90 -69 -51 2 33 94 -11 -37 74 -37 -26 89 92 60 -71 84 -85 -98 -58 -61 8 94 -39 -37 -65 99
-96 43 -76 -36 -76 34 -79 -25 -52 33 26 -78 -85 -89 72 -85 21 48 17 30 51 -20 -59 -51 51 61 -3 92 -78 -90 -74 98 -23 -39 92 66 -75 79 -89 39 33 -41 92 -78 56 54 -98 1 -49 -50 -7 -68 -25 50 50 29 87 56 -47 62 50 -32 0 -27 -94 55 -18 61 -77 -36
-50 38 -49 92 56 25 80 -3 -60 -42 -19 -70 -60 16 -96 -1 18 -49 -20 56 60 -64 99 74 -33 38 -28 -81 -34 82 89 -78 25 -13 9 -71 78 -2 32 6 -56 13 50 62 90 -43 69 -90 -64 0 56 -72 -38 -12 -21 -2 95 -20 -35 -90 42 8 -79 -32 -67 8 -97 51 -22 -93
19 -93 13 21 -93 -56 43 1 -38 -95 65 29 -52 98 -96 -26 81 96 -65 28 55 -31 -44 -55 -31 -45 36 46 -30 -24 -80 51 98 -29 -34 95 6 39 59 13 -71 50 54 38 57 -65 -10 32 58 -84 -62 64 -97 30 91 63 -29 46 -76 82 46 5 66 -6 87 -3 69 -17 34 69
39 -14 -24 -73 95 40 -29 -83 -35 4 -29 -90 -13 35 10 87 13 -79 -57 -90 -92 -45 18 30 80 -35 -30 -3 -88 -91 -9 -50 -2 20 -18 79 -82 93 61 -44 2 85 94 -94 -22 8 81 -60 1 95 48 -15 77 51 -25 50 76 -67 85 -86 -70 -9 81 -42 79 -37 66 42 -88 -59
14 41 -39 -24 -89 82 -50 51 -35 68 17 38 -5 5 39 81 68 -80 -38 33 57 -23 -5 -4 20 -11 38 -39 -97 -65 -3 -13 -1 -17 -31 -51 -78 -74 -15 -27 -75 88 14 40 -24 92 -4 -76 -42 -96 -75 -6 64 7 -9 55 -22 -76 -35 -96 -59 36 57 -3 -28 34 90 94 -24 82
-21 -61 -37 -100 12 -28 -80 -44 71 -76 64 78 9 -92 -27 15 21 94 -34 -90 -80 94 -59 86 15 -93 88 35 -5 -89 82 -7 -72 70 46 64 69 -52 -53 -39 2 -5 -84 -83 18 3 -49 -61 21 89 18 -4 -62 94 -30 -67 -77 -86 -94 94 -11 -12 -35 58 -75 11 3 8 23 86
-55 -20 -87 -35 34 -78 71 81 14 78 -74 86 -63 17 -14 63 -82 68 -31 -82 58 -49 -60 -88 -90 2 -90 -59 -40 -50 -80 38 -45 19 -10 -34 86 14 31 -14 -7 -73 -21 8 -88 -1 -93 91 -82 5 50 27 -27 25 68 23 84 -31 75 -49 61 -28 4 -66 -64 58 74 -2 37 10
59 -59 58 -93 29 -43 9 -41 28 4 69 -3 -100 86 100 -55 41 -83 -44 -10 -90 25 -6 -71 76 26 71 -14 18 -61 -6 -72 41 21 47 1 -97 -98 52 -67 -28 91 37 -5 62 42 35 15 -32 -95 73 -94 61 33 26 94 39 -2 48 -62 69 -50 97 -36 -99 -64 -58 -57 -92 -99
75 -53 45 -35 65 -4 31 75 -31 53 -49 61 4 -11 -10 -87 19 31 -41 -41 33 -75 47 -17 -5 67 8 85 14 35 37 -94 -70 -91 -20 -21 55 -99 34 -45 96 -12 80 -77 -51 -65 83 90 -46 -84 88 -3 -30 4 -29 -88 -24 79 18 -89 -81 -39 62 38 44 34 8 54 -2 44
-30 -1 -97 -53 18 94 31 34 65 -18 -26 -43 -26 -75 -60 -6 -59 24 -21 -74 39 97 78 -25 51 33 -46 -38 -78 7 22 53 -33 -43 42 -34 -81 -42 93 -61 84 43 -40 -83 4 7 20 -50 -27 12 14 -40 52 -98 -95 -67 5 -6 -39 -58 80 42 44 10 51 -96 9 -52 53 -89
45 66 12 94 68 21 -14 26 35 53 -73 89 -63 42 -86 66 -2 94 54 -58 12 17 -16 -3 -79 24 48 100 23 -16 61 -49 -31 25 79 -31 29 -25 -18 18 -22 -7 -1 60 -52 53 -38 82 -75 -58 100 -95 8 -88 93 -4 -7 -54 87 -17 24 -66 -75 -57 -22 11 -26 -42 29 -68
-61 -86 -27 -25 86 11 14 73 80 -9 -100 -93 30 -69 4 -1 98 -54 76 -4 -19 45 -37 17 67 56 -37 48 -35 -98 14 -76 95 -54 1 -20 39 60 93 -54 17 11 93 11 -42 -40 72 -64 -61 41 -80 -96 -46 70 55 -64 14 47 -63 53 -55 -33 99 -76 -99 -99 66 64 -57 31
43 -32 -48 9 -1 21 -28 -46 -56 63 -18 25 62 30 28 -99 -41 3 0 57 -45 96 -33 -19 -57 80 -35 -51 55 -15 92 0 53 48 -85 88 92 75 12 -87 46 16 -42 20 77 -4 -48 92 76 -82 -76 7 -95 -79 74 -89 80 1 23 -88 32 93 -20 -4 -85 81 -95 -38 5 67
-24 -100 55 80 -95 -65 -14 -7 6 17 67 -17 100 -16 34 -6 -23 99 -52 -57 9 100 -34 -7 -64 62 -93 12 -23 -89 90 44 -29 -93 10 14 22 61 36 38 -11 56 83 89 -4 55 1 27 -41 87 9 75 97 61 -16 -96 63 -95 -48 80 -14 -19 -87 -10 -22 -47 1 -5 -40 40
61 -20 -41 75 -65 -53 57 -95 -94 -60 -78 -12 35 18 53 -35 -17 34 19 -21 95 -81 -90 -34 36 76 -74 74 94 66 -44 85 -55 -29 -70 64 -26 -7 56 11 -23 -72 11 14 80 -70 83 -4 75 -97 -48 -93 51 100 -64 -61 12 74 74 -10 -96 -40 -15 83 72 76 -61 27 -8 -47
-88 -3 -29 -45 -99 -37 -25 -40 5 -9 70 -56 78 -1 -90 -12 4 67 -22 7 -71 -4 39 83 -27 -29 30 -42 -67 83 -50 10 -48 -35 -75 -45 -78 -59 82 -5 -58 -61 -80 90 99 55 -62 79 -5 -18 46 -65 10 -39 -41 -80 15 20 81 26 -78 26 98 73 -11 -75 -7 -53 -28 38
-73 -49 73 -1 -3 87 -45 95 94 -42 90 78 37 72 -12 28 -86 60 84 -40 -69 -60 93 -27 49 -61 25 58 44 27 40 49 -32 16 -61 -45 6 -1 -76 53 -20 -10 -12 73 -81 -72 -25 -31 -95 20 -11 16 62 -53 -77 -81 -90 91 84 44 21 22 -17 4 78 -72 19 81 75 36
-78 -65 35 38 90 16 37 -48 -100 31 79 -71 17 71 90 -11 89 88 87 53 17 67 -88 -45 -87 45 53 -18 1 -41 -37 36 -50 -41 -93 -91 84 -48 51 36 -49 -55 -85 0 -91 35 44 67 48 7 56 -53 -26 10 50 64 -19 -2 -62 4 1 -60 57 100 81 95 7 36 -22 -86
-3 -20 81 2 47 -47 58 -35 12 -89 -43 14 7 76 -73 6 20 -81 2 90 72 34 80 -25 0 51 -15 99 56 92 49 47 -61 -60 98 65 0 -11 85 13 28 42 58 80 -92 -48 -49 97 -100 96 46 100 -77 -21 76 -24 19 85 41 -73 -98 82 85 -69 -18 -56 15 85 -45 96
-85 66 73 31 -45 85 29 -61 -76 -31 -100 -52 13 -33 -61 -62 27 84 -17 6 -81 -74 43 -1 -88 -25 14 -63 97 -72 -96 -57 -61 52 -49 39 -90 -46 -99 -29 16 76 -15 64 79 -12 8 99 -62 -53 21 -66 43 73 -7 57 16 82 90 76 -81 -54 64 36 -2 -46 21 72 -13 -86
-37 -68 96 -43 91 79 84 88 -69 -25 66 -4 -37 -27 81 -94 -58 -32 -96 100 -99 79 -1 7 28 -26 -53 -72 64 -33 -96 -22 76 100 70 -16 5 12 18 -66 9 -20 89 85 84 73 -63 68 -69 11 -13 -80 89 14 -1 -30 -18 90 25 29 78 -80 -61 -66 80 10 -94 16 -64 47
54 -1 -48 -56 -51 -25 -10 18 -82 -44 40 -80 -21 69 32 -99 39 -25 25 16 99 62 -12 -42 -55 -72 73 5 -47 75 -8 -58 99 51 -16 -7 41 -97 29 67 -89 -4 -80 -9 33 56 -95 -10 -17 71 20 50 77 44 50 -83 91 39 47 -78 59 60 -83 -17 -73 -100 31 -54 -2 60
-58 -17 -66 84 -10 13 80 90 -31 -54 -80 51 53 42 -29 -100 89 5 64 -57 -24 -54 -99 -35 -56 -87 59 -63 75 22 -89 28 46 3 22 10 31 85 1 67 -28 32 66 -90 87 -87 93 11 -36 -42 77 -52 61 -87 -19 -23 64 78 15 -1 16 81 -42 64 45 -17 -39 52 90 -31
-84 83 -86 -75 24 -24 49 -63 -4 -64 -46 56 -79 19 47 -27 52 -92 3 -1 80 33 5 -25 -95 -26 -90 -4 55 49 -29 32 4 32 23 43 -86 -17 -38 77 -48 60 -27 -61 35 -92 31 -60 16 86 44 -45 24 97 -32 -57 3 -51 34 -82 42 28 -53 69 -57 68 -72 -90 49 67
-77 -8 8 -70 37 78 45 59 -29 -24 -83 79 -80 99 24 -65 -38 68 39 99 43 41 -42 19 -68 31 -93 89 57 94 19 -91 2 -3 75 -48 80 69 75 39 -86 58 -12 90 -76 52 41 45 -96 -82 19 -21 64 24 62 -41 26 -80 83 38 -25 57 1 -63 53 -59 99 -33 62 -85
43 35 56 12 58 37 -98 -75 -43 -79 63 56 -91 49 -61 -98 46 29 32 75 -24 60 6 96 -74 -99 76 -98 55 -24 -77 -28 78 -47 -16 51 92 -36 31 5 -4 31 66 22 -46 91 4 79 -89 -97 20 22 36 33 -42 55 -44 57 91 13 75 -53 -15 59 -93 -47 -40 63 90 -93
-26 -49 86 -49 -58 30 -67 -16 30 52 -21 -78 -57 10 -18 54 -27 -12 52 -37 12 30 95 -93 22 24 16 -71 -78 60 45 68 76 38 -87 23 -86 100 64 18 -64 -21 -12 82 56 -17 -86 95 -71 68 45 -2 33 41 -80 -23 14 -55 93 -24 61 -46 -40 65 86 -24 -93 0 56 53
57 -54 -50 -61 -24 2 -22 -86 -15 -42 89 95 -21 25 64 98 2 91 -66 -33 -50 -20 73 -3 1 3 32 -42 -16 68 93 -67 -64 78 6 -95 38 -29 95 15 31 40 -36 91 -42 -17 69 -23 39 -5 -20 64 75 20 53 -13 -4 60 -69 -18 38 -91 85 1 -92 76 -16 11 -92 -89
-25 27 78 -71 53 63 37 27 -18 0 96 36 70 -75 -69 33 2 -80 62 -65 69 -44 -64 84 93 -56 -55 59 60 83 71 13 -93 29 -37 -91 65 -38 -32 13 71 31 9 52 -88 -36 57 6 -36 54 43 -44 61 54 3 -84 -32 84 94 75 50 46 -3 -74 26 71 44 15 76 84
