34 -1 98 -91 10 -80 40 -88 -89 51 52 81 99 2 92 81 66 -28 -81 89 27 13 -97 34 6 39 71 87 1 28 -70 90 7 -45 -2 -75 58 -29 -52 51 7 -17 31 -10 -74 43 15 41 -11 66 76 -81 14 -10 100 88 22 91 -24 -75 75 39 90 79 51 -39 -62 50 -27 44 15 -28 -27 56 73 13 -94 -83 -13 -6
-79 -91 -49 98 68 -11 71 16 82 -87 88 18 6 28 13 0 -53 0 -90 38 75 -84 21 -54 -90 70 47 95 -9 23 65 35 -90 -77 76 0 0 35 3 68 -82 -40 33 53 88 -22 68 -13 83 12 -83 -78 30 5 -84 -38 100 -15 33 10 -93 -52 57 -79 63 92 -25 34 -2 -58 -67 -5 -75 -49 69 100 16 37 -4 -1
-43 80 -81 91 56 -47 -59 -5 29 50 65 -18 5 -41 94 80 -5 -28 -46 63 87 23 -14 64 -32 72 9 70 -38 14 -55 -4 77 39 -10 79 14 20 -45 -18 -36 -2 69 100 14 69 -33 98 61 39 40 30 -40 -52 -87 6 20 48 -69 -17 29 37 77 -20 55 -31 35 7 -11 10 48 -39 -71 -8 -60 -72 -85 81 35 -52
-21 -14 23 21 -44 26 -70 -40 -99 69 88 99 -12 70 58 93 -12 98 0 -54 44 -61 -12 15 8 27 -71 6 40 -9 -7 -81 -83 7 48 -5 9 32 -60 -77 91 3 78 7 -96 58 80 60 -6 82 89 25 58 -19 26 -69 -91 -11 -11 76 -55 18 83 47 66 55 91 88 71 -100 42 78 27 86 -93 56 -60 -44 -62 -64
41 -23 20 -64 -1 -87 46 68 -28 69 -87 -25 5 70 -23 77 97 -90 79 18 -30 2 -43 18 -69 93 66 57 -59 15 71 -5 56 26 -95 -55 -95 -22 96 41 68 97 -49 -8 -99 -39 10 17 22 90 -94 -62 -48 88 28 -90 -90 65 -41 94 79 -81 -27 30 -38 -25 -14 64 87 21 -66 13 38 64 26 92 62 39 -4 -36
97 -17 -37 -82 -40 18 -70 40 -95 6 -97 -73 -68 94 88 9 -48 11 57 9 5 71 -48 -14 15 58 65 -4 -56 -28 8 21 44 -14 24 -51 -91 -63 -55 -79 -24 47 -59 77 -80 -89 -14 83 95 -89 -76 14 -45 87 -90 -100 85 -42 75 2 94 87 -59 -31 -66 57 90 55 -69 -19 -83 -18 8 -33 96 43 -20 -57 12 11
64 -44 2 11 -81 94 26 -10 41 84 -87 -74 90 -72 57 43 41 86 -90 50 -75 -2 -78 -5 -24 61 59 2 -26 90 -71 -28 42 -92 -40 -53 -33 -29 72 -24 63 -54 -47 -8 -41 36 84 72 47 86 50 91 62 -21 28 -58 -51 -28 -84 3 37 76 75 -10 24 -10 57 -21 91 -88 -73 73 -79 70 46 71 64 64 8 8
52 -4 79 -58 -69 38 -4 47 -51 -30 92 14 10 30 -3 -34 -48 56 -39 -30 -54 -99 -43 -77 4 -9 97 -73 67 97 11 7 18 34 5 6 11 91 -90 -36 85 -53 86 68 99 41 39 -40 -6 24 -34 -14 -27 64 37 77 -63 -16 39 -20 14 -54 -95 -74 -31 25 9 0 48 1 -78 26 91 -30 93 4 -80 32 45 -13
17 -12 8 -17 -45 77 -89 -80 -82 -79 -36 -80 -65 -43 58 -1 -8 51 20 -63 27 50 63 -66 -6 79 8 -37 -75 -53 40 32 96 -95 -55 -10 -89 4 11 98 -4 -8 64 -32 -42 12 -57 -7 -75 -55 0 65 -58 87 -74 -68 -83 -52 -54 80 56 -84 -31 83 24 6 -14 57 -1 -96 40 17 -90 -58 4 63 -62 49 44 -42
87 -14 -84 95 -65 43 99 89 -40 -3 31 -74 -43 33 18 -18 15 -98 80 28 0 -10 -26 38 54 37 -94 10 -83 -22 -34 -15 39 -36 -52 57 40 28 -80 -20 -28 26 90 74 77 99 -12 -18 77 -80 55 65 -39 76 -59 72 32 -64 -87 -53 97 -91 78 -3 49 72 -32 -80 34 61 -46 41 -86 -23 54 3 -99 94 -13 84
-54 -48 98 -46 -20 -97 14 85 96 59 94 15 -13 -42 -75 37 44 -11 -18 -58 39 27 -34 -46 -2 -91 -85 -76 -88 81 62 51 -93 -61 -55 38 -20 -44 -44 72 -31 61 100 -28 -15 90 -78 79 -46 72 44 76 -24 -78 75 77 66 -16 -40 27 74 -10 56 -11 5 -70 51 -83 -33 33 78 42 12 -21 -57 -8 -58 -30 32 47
20 -47 49 46 -95 1 -39 13 89 86 27 -2 100 44 -99 -54 -55 32 -23 -94 75 -27 39 -51 7 69 -99 100 -19 24 -70 70 6 39 -97 95 -68 -66 49 86 13 -87 6 -72 -23 -6 -86 40 -59 -17 -4 0 62 -20 -19 11 -31 99 -84 -81 34 -98 -3 3 71 -46 46 -75 61 -81 -12 -21 -90 -30 73 -38 31 -66 -51 96
49 -49 23 9 -99 97 -62 88 71 -76 -5 21 -5 41 -8 -55 7 3 -21 41 -48 61 -15 4 -55 29 43 -85 -12 60 61 14 -82 43 67 72 -43 39 -68 -76 -36 17 -52 3 -77 47 67 -50 53 -21 -62 -97 -35 -70 47 -97 -73 -36 -95 -60 -2 46 20 68 42 10 43 89 -84 76 -19 1 27 36 6 -24 30 70 -4 -99
47 0 48 3 -77 -31 -25 -50 47 -58 75 -46 -10 -82 -6 40 -76 17 -55 23 -75 16 71 50 -42 83 6 -3 -44 35 -80 7 50 -8 87 94 -65 -55 33 -5 -9 63 63 -16 -80 45 61 46 -98 -56 -84 -37 -33 89 -41 -49 -88 -21 65 52 99 29 70 97 60 79 -83 64 -64 -58 58 5 45 -93 -93 50 -75 72 -61 -55
63 0 51 -97 63 -44 -66 -16 98 -54 -37 43 96 -62 -68 71 98 48 54 -51 -55 -76 13 -3 6 -73 -68 28 -27 41 41 77 -56 0 -21 -17 76 -58 -68 -84 19 53 97 82 -12 -24 -36 88 57 49 70 0 -100 48 -90 71 41 -40 69 -91 33 1 -69 -6 -22 -62 87 -79 7 -90 -39 -33 -43 11 -22 -35 22 -88 62 -76
-25 -7 23 -94 88 -78 42 93 10 2 3 62 -52 -58 -58 -39 23 73 86 6 55 13 83 71 -83 30 50 -73 31 -20 1 -40 41 -88 30 33 64 -45 7 20 23 54 -50 48 8 -49 -44 27 -40 -81 -17 47 -10 -9 -81 88 92 71 -75 -98 87 -36 -24 -78 12 30 -61 28 40 -82 24 4 -100 -26 -73 78 66 90 32 40
42 98 100 -6 11 4 -55 57 69 90 51 -84 -27 -47 57 -26 -91 67 -63 -52 69 -41 -95 57 -75 -93 25 -25 -89 -91 -95 63 45 -92 50 9 -36 -89 -22 -94 -13 -4 -77 -98 48 -41 -99 -37 -94 45 -84 90 14 55 66 -94 44 -40 -52 -27 -12 -64 8 -1 -20 -8 -38 66 6 -79 -100 30 68 12 -23 6 82 -10 -33 51
94 87 1 -81 -68 55 93 -81 -44 -37 66 84 74 -6 12 -44 -73 55 41 -20 96 -44 85 70 73 -53 60 15 -28 49 5 56 0 92 -81 13 -53 75 -97 -39 79 39 13 -62 91 20 -72 14 75 22 -81 50 -63 20 63 14 70 -89 55 -22 -5 95 2 34 91 41 -25 100 98 62 -13 -68 4 35 -85 23 -50 -71 65 -87
80 -37 87 -46 49 -97 23 -47 -67 12 26 -71 84 73 -4 -24 7 -27 77 17 -12 -87 -81 55 -37 -57 -47 -87 -82 -24 -40 -20 -64 62 -79 30 69 -80 22 11 -90 -48 -54 28 -68 72 94 99 -6 70 17 -79 98 93 -27 57 -84 -78 -6 37 -67 42 52 78 -43 40 43 -18 26 37 37 -36 -46 44 61 39 44 -10 40 45
-36 16 75 5 17 -37 -19 76 -70 -51 -55 -3 -22 -28 36 71 -78 42 -8 -33 54 -1 20 -99 -27 72 -48 48 83 67 57 -47 -27 -64 57 -66 36 95 -24 88 69 13 66 63 -11 73 -14 51 63 58 -41 59 84 -93 -3 87 18 24 -42 71 -68 72 -99 48 -44 60 -53 -37 94 12 -82 94 36 92 -71 -69 -23 71 -21 5
79 -7 -54 52 -4 6 48 -5 47 -21 -82 35 57 92 -64 -63 41 55 33 -48 67 61 77 9 14 -98 -83 -11 76 84 12 -32 -62 21 89 68 -66 67 9 -93 -61 -25 -34 -42 -35 -8 77 80 23 56 -62 -48 41 -75 72 -91 -29 29 -63 44 38 -89 -26 -78 76 -74 -3 39 -75 -24 76 -50 -64 59 5 53 -13 -95 -51 -84
67 -4 -53 -22 -61 15 20 33 11 -29 28 27 74 74 -69 -18 -83 28 3 31 -9 -62 26 33 -100 38 -95 -90 -9 51 -87 88 -51 -1 60 66 10 -36 52 1 11 -24 -13 -74 90 97 -8 63 16 67 25 -73 51 12 -31 -50 -82 16 -96 -28 -51 79 57 -11 -100 -72 -12 -3 33 -7 -79 87 -22 63 -12 7 -83 40 30 -100
84 -95 6 48 73 -5 -19 -22 -38 -58 65 -38 -61 -71 37 71 12 -57 31 -13 -65 -42 13 86 -74 51 3 -52 87 -64 86 -10 18 84 -93 74 21 -6 -42 10 -86 -17 -62 -74 32 -92 70 -49 -73 24 89 28 -8 33 -47 -70 35 27 79 -6 -56 -48 31 20 -65 53 85 15 33 82 79 -81 -6 -52 -44 -3 -1 -61 -93 75
-98 -89 8 56 -83 -50 29 -47 -48 60 -62 43 41 -23 -60 -8 -73 -82 -5 -43 -74 65 27 98 32 35 -58 87 49 33 -71 30 -68 13 -25 -47 -64 -85 -47 -16 94 -99 84 -100 42 -13 72 -55 -95 -96 20 -23 14 -20 56 -62 74 93 -58 -73 41 100 -37 53 95 2 34 66 59 17 -91 26 -94 -73 -66 -30 35 50 -70 -57
49 47 -41 23 -39 -53 -98 16 -33 23 67 38 85 -100 23 -78 -69 55 6 -100 -75 -18 -74 69 75 -25 17 13 -96 1 -85 -30 -70 -91 -59 37 -55 -79 35 -88 -73 -58 11 81 -86 -45 4 55 -49 -96 -84 -70 3 14 68 -9 -45 21 65 -31 29 6 88 -28 8 5 61 -55 49 -98 -100 -1 -7 -16 -25 70 8 86 24 -62
82 59 45 57 -58 19 63 -63 25 -80 92 16 -37 14 15 -85 95 -87 4 86 47 1 -41 -44 15 -23 6 -73 -5 -53 1 -53 74 -93 75 5 -7 92 11 -79 -62 13 36 -72 48 -43 7 41 -54 -18 -90 75 -66 70 14 60 -10 -35 0 -92 7 -26 -73 -26 -75 45 -89 -24 -86 41 0 -48 0 -24 -94 -79 52 -78 -12 -28
-24 -34 -78 48 -49 -86 97 -31 -90 13 76 65 37 -72 36 -56 -52 36 -98 98 88 -92 -69 89 1 53 -24 -42 -91 -38 79 -44 90 66 74 -52 23 -8 84 -70 28 46 0 -55 74 70 -76 -41 -19 -39 97 75 48 82 -97 -87 99 -79 -12 90 -84 -2 23 80 -69 23 50 -17 -47 -68 37 -17 -61 -62 38 -73 53 62 -85 -25
24 -62 59 14 -66 79 -82 -34 31 -60 -43 -37 82 52 -68 -47 -42 -67 -64 26 15 56 -5 22 -54 30 100 -27 86 53 45 -82 -10 -29 8 86 58 3 -15 40 -19 -63 94 49 -64 -81 -38 -93 -96 -98 41 -16 97 87 82 -17 79 -58 69 93 99 41 -20 -95 34 -54 29 20 -75 -75 -35 -73 -7 55 -92 35 4 -44 27 23
-67 -43 87 54 -51 -68 5 -3 -55 -90 -98 -43 70 -25 62 99 -87 55 -39 15 -36 24 74 -54 45 87 52 -26 -48 20 -10 -74 77 82 51 -79 -40 -54 -85 4 -17 35 0 -48 -9 73 71 -61 73 29 86 38 -46 -75 79 -98 -16 -67 -43 -49 90 42 -16 65 10 10 -82 -80 -31 -93 62 -54 44 36 -58 -88 -24 78 -48 -88
-11 -82 -36 -52 -24 92 72 -29 -76 -98 42 -67 62 22 1 -14 63 92 43 -56 38 -13 12 79 98 -59 67 -70 -23 99 10 -39 -16 -47 100 -78 -2 23 -36 87 68 98 -92 17 44 -64 -26 -59 5 -66 -38 -83 -87 -2 90 14 -46 -76 8 -89 10 52 2 -90 28 2 -46 62 -31 13 -47 -48 -64 -25 46 -39 30 -83 66 -84
-44 -83 80 -71 10 -18 82 68 -88 -10 -74 -62 -74 15 -12 -50 49 -74 88 -98 -36 -88 -79 -92 -17 -36 88 -66 45 83 -62 -91 83 -33 -38 -76 11 25 -76 36 -34 31 67 86 72 26 63 42 -63 67 -91 -92 -57 -58 -32 -54 46 75 -37 -95 80 58 -5 10 47 -54 -57 -81 63 80 -21 50 -42 -76 -94 -16 -92 -15 21 37
-54 -24 11 -3 -72 73 33 -55 -46 -76 -4 -59 43 59 80 85 59 60 -67 -7 21 -76 -88 -3 11 -85 -40 9 -92 -75 -9 38 76 65 12 85 -35 60 -98 27 67 -31 -19 -22 -31 0 20 35 -71 15 70 85 -15 66 -47 -86 4 -26 -42 77 95 8 9 -94 -8 56 75 4 88 51 18 -38 93 86 -70 -81 -67 -69 -97 -4
39 71 -95 -72 4 81 2 -11 74 15 84 -42 2 -51 -1 -82 38 5 -25 74 95 27 10 48 54 78 74 41 46 -66 -56 -86 34 -96 16 -89 -57 14 -93 -50 -93 40 -7 -40 -49 22 21 -83 70 -49 49 83 -13 16 -39 -18 -58 -33 -53 95 -81 12 -89 50 -31 72 -63 70 25 -19 5 87 -40 -97 80 -7 -86 -11 45 8
15 -29 -37 56 16 -90 81 -31 25 -70 97 43 -95 -63 88 -6 74 99 8 -29 94 80 -78 9 -92 24 -94 -43 -59 40 -67 47 -39 0 -23 -35 -24 42 -36 -71 87 -63 -56 -79 32 59 26 -64 33 -65 11 -40 -44 -34 61 21 46 -12 -94 19 -7 -77 63 97 71 -54 -39 -2 36 -30 65 6 100 35 -75 -53 48 -77 -31 58
62 50 -83 52 88 -65 -79 85 32 12 4 86 93 2 25 36 23 -15 -73 15 75 11 -69 -11 73 -40 21 26 78 -80 32 -1 16 23 -79 -90 -22 4 50 61 -89 98 42 91 -11 -68 25 66 -38 -33 20 75 -52 77 -36 -8 72 19 75 94 35 -7 56 37 71 79 -50 -32 80 -86 -36 -68 10 51 82 44 -91 -35 28 -19
-96 49 -5 16 -31 91 99 -98 63 31 -83 94 88 34 -99 74 59 -12 -76 51 -79 24 15 95 18 83 18 -74 -33 -33 -78 33 88 -59 59 -7 32 19 -12 -66 58 72 68 -24 15 60 95 32 -6 -89 -13 53 -100 46 -50 -67 10 -1 56 -32 -50 11 76 -6 29 57 -66 -45 50 91 -89 -48 -5 33 -80 52 -9 -6 15 71
55 -100 82 -95 37 -19 28 7 -77 -77 -93 79 29 -38 10 90 23 -89 26 -66 -43 -16 24 90 -4 86 12 -9 -63 -10 -83 -49 -90 79 13 -19 -84 -42 13 -12 -84 -55 25 91 -36 77 -6 -52 -7 -30 24 -1 61 -1 31 48 -88 8 -89 -99 48 -65 35 38 -1 -71 -57 60 -48 28 -70 -40 75 -53 60 84 -15 -52 -12 -4
-64 -73 -5 15 69 10 75 96 -40 -81 -27 74 -23 -64 56 -91 35 20 -34 96 -22 92 20 62 13 -32 66 -90 -34 10 18 -76 -33 -37 94 80 42 77 -91 -32 100 -47 -27 -85 -25 -50 -67 27 89 69 -8 51 59 -1 65 62 -66 -100 -87 -42 4 -27 76 -49 50 61 51 -22 12 42 -77 42 21 10 9 4 47 -81 -89 -73
70 -75 27 46 49 70 -10 56 47 -14 -18 -89 -27 90 -1 21 -69 -35 13 90 30 -52 24 52 13 -88 -4 79 42 -63 -7 -20 45 -47 -54 13 -23 -5 -32 -14 24 42 85 -93 -80 -13 21 26 12 75 33 -97 13 -50 -61 -27 88 -24 21 -63 65 52 -76 6 68 -52 -80 -100 62 11 -12 17 -20 24 -83 -67 -70 82 -59 -56
-33 -31 98 46 -80 -9 24 -25 59 -88 51 3 -12 -97 -9 62 89 -5 55 -100 -68 -47 -50 -39 -79 -69 -58 -63 -64 -8 -55 73 -87 -32 6 -2 15 -61 -99 -78 11 75 40 -31 -51 -65 -33 -12 4 19 72 -76 77 -81 89 -76 42 73 60 96 87 -55 61 -14 44 15 -31 -63 -49 5 31 -70 -22 -49 31 -10 -15 43 -50 53
-44 -87 -27 87 93 93 29 -74 52 83 7 35 -51 -36 76 -96 97 -29 79 -45 -21 -88 -99 -45 -10 -15 35 -63 64 79 33 -34 39 6 30 37 65 -52 97 82 65 21 -28 -36 88 16 -80 31 50 -71 89 8 55 -46 97 -34 97 56 -9 -29 -49 77 -38 84 -18 93 -63 27 21 86 68 -71 96 85 52 -21 -99 40 49 -42
-91 42 -52 14 61 24 98 -55 -96 -84 39 -41 -61 35 86 -76 -88 -62 36 12 -90 71 97 97 51 88 9 -60 18 6 28 -75 -35 -66 -63 -46 -70 95 -21 34 35 -74 -34 -15 26 33 -19 -77 68 9 5 49 90 -71 97 66 -82 84 15 -52 -44 7 -16 -44 -60 -34 66 56 99 -99 -81 -96 60 -63 -71 63 97 -14 -1 -71
6 61 53 11 16 -17 -45 39 5 -66 -1 -65 53 19 67 33 -84 44 16 -69 -96 -22 4 -39 52 39 80 85 -38 -34 71 -73 73 90 -96 -40 -40 77 0 75 -17 -83 -98 26 93 8 -15 -1 -59 0 22 12 -9 -36 3 67 6 -13 -74 -70 -70 88 73 -25 -87 90 -69 -39 -47 64 55 -84 -97 56 -48 27 52 -99 -50 -25
-12 -90 -63 76 21 28 72 95 -91 -34 80 39 100 -86 29 -72 -88 49 91 74 8 65 -20 24 100 -94 61 -40 -10 -89 -25 91 8 78 -38 11 22 15 -41 -21 -14 47 -52 -82 10 -71 33 -42 -34 -11 33 -68 -46 45 -38 58 49 -89 -79 -11 -65 42 62 44 37 -76 -60 -59 -12 54 -95 -69 25 -4 -77 75 90 -92 -15 -93
68 14 -76 -56 11 88 -26 -83 -7 96 22 55 -69 47 -86 60 -9 -13 -53 47 -84 -76 72 -49 -31 84 32 -62 25 40 -29 72 -79 49 -96 -81 11 -89 -74 12 81 21 -16 -69 -67 36 33 -29 -30 31 88 -9 -42 72 -70 -41 -3 51 -88 -48 90 -74 -46 93 97 45 -72 -20 24 -91 -84 -27 -89 40 -46 -2 95 -53 45 55
1 21 -76 85 -39 -84 81 24 -92 21 -34 -37 36 -95 -40 13 -87 -86 -66 -44 36 -37 20 63 -77 1 10 -1 52 -85 86 93 -23 5 13 -4 17 -1 81 -78 90 81 -16 96 -91 -60 17 11 -20 75 24 28 62 91 33 -60 -64 -55 55 86 -68 -13 -47 79 9 -46 -29 -26 -39 46 26 82 -93 -80 3 26 -14 20 -17 90
70 -16 80 -45 -65 34 97 18 -98 26 -73 -98 -86 -70 -64 68 30 -82 56 -41 -41 84 72 45 20 -52 41 13 -71 80 -54 -83 14 -98 22 -78 -34 3 -2 75 3 -85 -93 -71 -14 -77 -34 -85 -10 65 94 -74 -95 -24 22 32 50 -73 -25 -18 -99 -21 6 65 46 93 -82 92 69 -16 -77 -97 -94 -44 -91 28 -29 -14 79 -14
-39 31 -17 19 -92 -13 5 65 66 99 -87 -28 57 -28 25 35 72 62 -38 93 37 -94 27 58 68 41 -26 47 61 -57 65 -89 92 61 -58 7 -26 -97 -11 -24 31 -91 51 -97 -12 -35 -70 15 -82 49 97 47 -58 90 -77 -88 30 47 26 -43 41 -43 83 -95 81 -96 40 55 48 -55 -46 -53 81 80 -85 -30 -86 -97 -65 43
-20 -22 -10 -2 -95 -8 70 -79 -51 -85 95 -77 16 -43 83 93 -57 65 92 -5 -56 79 33 16 -65 -22 -91 81 -38 96 -26 -7 -2 -47 -49 -4 -78 40 47 -47 -26 -54 65 80 -55 -39 87 -55 -5 -15 54 -59 84 -31 2 -91 100 -62 39 23 7 -92 -87 5 57 -78 -24 48 -1 -22 91 -35 -82 -56 29 -83 -59 -14 -21 -18
7 -76 44 79 95 90 6 87 -58 26 -2 -82 21 44 51 94 -78 -91 -86 -16 -46 46 -11 67 -95 -21 68 51 -39 -34 -18 -93 60 -45 54 -67 48 81 12 -31 -30 -5 37 35 96 55 -62 -79 26 -54 55 -45 -4 50 -41 48 98 86 85 29 -11 -77 -99 -82 -92 -3 0 -45 57 31 70 -71 37 -29 38 -92 -6 -36 58 -100
-82 -94 -40 9 -40 -59 -85 76 26 -77 70 -38 49 83 20 22 15 -53 -12 -35 -75 -100 43 39 -50 58 -32 58 48 -20 -48 -11 90 -75 23 38 40 -76 81 -11 -29 91 -33 -6 51 -84 32 -62 6 76 16 58 -38 -9 -86 43 42 44 -64 -30 2 89 -100 66 -93 18 98 -74 -58 29 64 70 77 -77 -66 -89 31 -3 52 -99
-30 -60 29 -97 -88 -73 -66 -94 -4 43 70 -10 -77 8 47 -53 -15 -23 -63 -70 19 79 -13 -98 42 89 -64 83 -17 6 -50 85 71 5 17 12 30 67 -63 -77 87 81 9 -10 -25 -16 -22 -46 -83 -50 -7 -1 92 -31 -57 98 -93 -28 58 70 -6 -52 -47 -35 -83 92 -7 91 -52 66 39 -9 9 -94 26 -53 27 58 -68 61
60 -75 92 61 27 80 67 82 -16 61 -60 -84 33 -82 93 -5 -15 68 -81 94 -30 6 -18 -5 -37 64 81 83 -45 22 -69 22 28 17 -29 -7 48 85 56 -36 -34 -90 81 11 46 22 25 4 -43 39 -55 -100 66 85 -6 -91 17 -51 54 -99 73 -68 -77 69 78 -20 -15 -79 -31 41 -51 50 -80 25 -77 -96 -24 -42 -38 -58
64 -14 85 61 68 -44 -99 -33 -33 -88 28 78 -73 -88 59 -13 -46 10 23 29 35 -89 -83 96 18 61 12 15 59 -87 36 -60 56 92 82 65 86 -81 84 -36 -66 -36 39 66 8 28 -35 -12 9 -92 -23 -65 55 78 53 4 -72 -80 31 -38 -30 17 -39 -26 77 -19 20 -65 -78 -18 -19 -72 94 -81 -59 96 -51 22 83 -30
15 -74 -16 100 -61 30 5 47 -73 -42 29 -8 -57 54 -95 0 -36 -34 6 93 14 43 3 -37 -20 -55 -33 -52 22 92 0 16 83 -19 12 -76 -94 -64 -70 23 -52 99 83 23 84 7 49 -15 -18 -57 27 32 -44 75 -39 30 0 -11 45 -55 83 76 14 -75 41 -38 -30 82 -33 -48 -25 -69 5 -91 51 79 60 22 1 -7
-45 -92 -97 68 49 -65 -82 31 48 -37 -61 98 -59 81 -78 8 72 -28 -72 58 -10 15 47 12 38 9 87 -38 -58 -18 37 -47 -37 84 -77 -18 93 -15 12 93 -78 -78 -64 -78 10 -74 74 77 7 -11 12 98 -90 -53 38 100 -89 70 77 -44 -71 77 -63 81 87 67 53 97 50 -18 -38 -76 22 -48 -55 -11 29 15 42 -12
92 -83 27 33 -6 0 1 -26 -75 -69 -98 29 71 -69 93 -1 -96 38 54 83 -25 43 67 -89 66 60 79 -3 16 -4 -3 27 26 -20 93 56 -46 -11 49 -47 32 92 -53 71 95 -88 36 -11 84 48 71 67 -42 -82 24 73 -95 -63 97 -25 -25 -65 -60 -99 -80 -17 -98 -62 62 55 26 -75 34 37 59 -35 82 47 45 75
37 -100 17 48 25 43 20 33 -1 51 -33 38 -21 -52 26 92 83 28 -75 53 -100 56 -74 -87 85 94 83 -13 55 43 31 -34 86 55 85 -92 -82 36 -99 -13 53 -61 28 80 58 -63 76 -33 -47 57 -43 -58 -44 -80 61 -81 11 -38 -71 98 64 -27 88 -80 77 -21 53 -92 -59 48 -47 -89 -85 -74 32 36 94 -43 -36 -58
80 -29 -56 69 28 62 -58 83 85 -22 -3 82 22 -36 1 -98 62 -77 1 -22 -27 -20 81 9 -58 -80 -3 55 -88 66 -25 -56 -27 40 -37 -78 -44 79 -47 -17 46 52 22 46 -75 -7 -47 -39 88 -75 -100 22 23 93 90 71 62 -88 63 -32 -94 9 30 94 -59 -32 -11 -35 -50 32 99 52 53 -27 -14 3 -59 81 -90 52
-91 -76 -3 -82 78 7 4 99 -99 23 35 41 84 48 -75 10 28 -79 -72 -33 -71 33 -91 60 51 -26 44 43 -45 -23 -2 41 -94 -89 65 -86 82 -29 -51 87 26 -61 -17 -83 6 -61 -51 -8 -1 -56 87 -45 -34 58 -88 51 -78 53 -72 -55 34 82 25 1 -53 -63 76 -69 54 63 -48 5 -25 -40 -23 -68 -49 -61 56 32
54 -38 36 3 -44 -44 0 -2 20 84 -80 -81 -51 -52 21 -88 70 15 -87 -28 -19 87 -81 -64 -58 -43 -4 22 47 -15 -2 -93 81 -30 -94 69 21 73 -55 -65 -44 49 -21 8 -28 -46 -16 44 24 -36 96 70 -11 -30 18 46 -9 -65 -96 -45 -16 74 -6 94 -66 -66 14 82 92 -67 25 -93 -84 -49 50 -23 91 -40 89 6
77 30 19 -65 71 3 -29 -81 -50 -14 94 69 -37 48 -58 -19 8 28 74 78 -50 45 -98 -99 -87 73 -60 49 37 9 16 -77 10 27 -52 25 94 77 51 -43 89 -80 34 -26 -62 79 -68 -52 88 -91 -27 -55 83 81 -75 10 86 -74 96 68 -25 -88 -49 -22 -89 59 12 -32 -86 34 -16 -77 -48 47 -30 -84 95 82 -12 61
-78 8 -54 60 -45 64 -15 -69 69 58 48 -48 -10 -98 74 -60 -21 84 10 40 -96 18 66 -12 34 16 7 -20 -64 67 -86 -21 29 12 47 18 62 -53 -45 -24 100 -99 -61 -46 51 39 -12 71 -75 -82 -42 17 87 100 -66 64 -84 25 -73 -12 21 95 -10 37 -27 -19 -30 28 66 -22 -79 49 -37 1 24 46 31 -2 94 41
50 -39 -16 49 1 62 39 53 -53 5 -47 82 -51 -51 70 77 87 52 82 73 -86 44 44 49 3 4 47 49 56 -1 44 -99 41 100 4 -51 -13 94 45 86 47 71 41 32 18 29 -27 80 -68 -1 4 12 -14 -57 -20 61 44 -75 55 9 -83 71 20 5 11 46 11 90 87 -9 6 -56 39 8 -85 78 -83 95 43 -99
57 -21 78 -76 40 -48 100 30 -23 54 -1 -13 61 88 -65 -50 -92 53 -14 97 -36 -95 46 -7 24 21 -76 -40 -100 20 -75 22 -96 -16 -65 -63 -51 -22 0 -1 -44 47 17 2 1 -92 86 16 -70 34 70 -93 92 -60 -71 -60 38 -93 61 0 -49 -15 -88 52 68 30 32 52 37 -42 71 -80 -27 -85 -4 -86 86 60 -92 28
90 -58 -11 -77 -44 -27 37 -91 49 45 12 -53 96 36 -8 -94 11 -76 -88 -61 -98 51 73 -65 -43 -48 72 -60 21 39 -29 40 -64 36 -82 -49 -2 -73 37 60 27 -82 8 -67 -92 60 -87 84 -79 -16 -22 -89 3 27 -98 28 -15 22 63 48 13 27 57 -49 -56 93 -74 76 52 -31 63 -55 -99 13 -20 -27 18 68 -6 -42
-27 -65 23 -64 -83 -26 81 -44 85 64 -15 59 -37 4 88 64 -84 4 97 -77 -63 54 4 -18 -14 -49 -49 95 41 97 -29 97 -74 -63 -67 56 99 30 20 41 84 -43 -64 32 70 7 61 -17 10 -65 -1 -51 90 59 -55 -85 16 -75 -40 -7 -56 68 29 3 -34 -83 -11 73 75 -70 -95 11 -92 -47 18 5 -23 -83 -84 -12
17 -72 -79 -3 -12 -54 62 98 55 66 -55 91 -30 64 -47 -19 -47 -100 46 100 71 64 97 68 90 1 -30 -83 31 -86 8 96 -15 10 -89 95 -25 -87 -84 45 -56 -50 -89 27 -27 29 -57 -63 6 -16 -80 -71 -100 8 29 -62 8 51 73 89 -1 22 16 39 -64 -99 41 -88 49 85 25 10 -4 100 89 -7 -29 93 -10 -18
-96 42 -36 -31 -34 -55 -98 -29 37 47 -4 -32 86 44 61 -44 -86 70 48 26 -82 -85 -48 -40 -57 73 -92 -58 -14 61 1 -61 -24 -72 -13 64 56 -56 -68 73 80 36 -64 -19 -22 -73 46 -55 -9 99 9 34 30 -22 -77 -9 -51 80 30 -74 25 -32 -25 -42 47 26 84 76 -18 3 82 -82 39 -55 -81 -86 14 42 -3 82
-33 64 64 79 53 2 66 -17 95 92 -34 91 59 -94 -9 -100 64 -81 37 55 10 46 -57 -25 -15 -98 -23 61 -78 10 -13 -1 6 -47 10 -34 27 -89 -65 -34 14 90 -48 14 14 -21 25 19 87 68 47 50 96 78 -73 49 66 -32 -76 23 71 24 54 -73 63 -55 -73 -98 -4 -39 24 -18 62 17 -20 -72 -43 24 21 -70
-2 41 -77 -76 75 13 48 23 71 -92 33 -27 3 67 -82 -52 9 -11 80 62 31 28 -70 98 -68 43 55 84 51 2 -53 36 75 -86 -46 2 7 41 -15 90 -15 -16 67 52 -27 22 -5 19 -98 -96 -13 61 6 -91 -36 -40 -81 70 -84 9 -46 3 -45 -3 51 -24 -72 -63 90 93 82 18 -35 -97 56 89 -77 2 -95 70
-30 -91 -17 -82 85 -34 -3 63 -75 100 -28 19 -24 -25 -81 23 44 -10 -23 92 34 10 87 -60 -75 -97 82 -42 98 -100 -73 34 -63 14 -30 10 93 83 -72 31 -10 76 57 -74 -33 5 -20 -79 -43 31 -22 55 88 64 -68 77 98 -88 -59 32 -38 5 -36 -10 -54 -6 17 -85 -94 20 -79 64 72 90 -15 -42 31 12 -35 36
-8 93 -1 68 -63 35 99 -90 84 99 31 -17 -74 -35 3 17 -72 100 46 -65 -76 -20 27 -32 -95 27 -8 -36 -17 -86 45 -6 56 -91 78 15 44 9 58 99 90 -33 -32 86 85 96 -63 78 -93 -47 21 77 98 -53 -42 -8 30 62 2 -35 -58 89 -48 69 56 100 -21 -10 -20 -66 -55 -12 71 11 -30 54 49 -19 98 0
-86 45 -39 -77 55 52 21 -40 -1 42 79 -84 19 22 60 -77 0 -28 -59 8 35 -39 93 59 -16 81 -98 79 19 45 -54 10 -27 57 -81 -33 28 -69 90 0 -37 56 -91 -58 93 34 58 -12 -33 13 58 -77 -86 -73 84 -76 -95 17 -50 82 -44 -8 -93 1 -78 2 -55 37 75 -12 57 -36 -45 4 59 45 94 -93 -73 76
-13 3 -75 87 -98 -95 4 39 48 -79 -65 51 71 -41 -6 58 -96 -60 98 -42 38 73 29 82 -48 65 -39 -42 -8 -15 -41 -18 74 48 36 -33 -22 3 86 84 17 -22 -93 -58 94 87 -79 -4 81 -69 60 -100 91 -22 70 94 -87 -78 28 69 40 91 67 -16 -62 -57 -47 37 -29 -33 -95 83 -70 -56 100 -90 -72 76 -35 47
7 64 80 -90 39 15 -71 100 -97 64 65 90 -46 -27 -99 -28 -40 95 -39 38 54 35 -49 -41 91 33 -31 42 83 16 -11 65 -83 -30 -76 31 97 -10 -11 -55 -95 -51 98 59 69 -43 -61 -44 39 47 23 -34 86 25 -74 19 -26 54 -55 74 77 72 -74 34 -86 -96 -3 4 -67 4 -69 -84 54 99 69 -56 -53 48 97 -9
37 -58 -6 -24 27 12 -13 16 -4 6 -46 78 -71 50 98 4 -36 -79 -53 -3 82 93 -40 84 -71 -20 -77 -45 -62 -47 -43 -47 14 -90 -98 -8 -70 -42 -97 66 -6 65 -56 -68 -48 71 76 -48 18 59 -9 -45 -36 61 -81 -19 -76 -20 -96 19 41 -68 -30 9 5 -35 20 -74 -65 24 -87 96 -14 -12 -39 89 -14 -89 -10 -16
-73 35 38 -65 98 93 -57 -70 -24 17 36 -35 97 -61 -14 96 31 -96 87 80 36 32 -77 -30 67 -45 -17 5 -10 44 -53 -18 99 -45 24 -30 -16 -50 -1 -100 90 -4 -64 -13 27 -78 93 98 -40 -18 -18 23 -32 -39 -95 -66 -8 -4 21 -72 7 -19 -92 40 -20 -20 16 95 54 87 -74 -16 19 -1 -83 -24 89 -21 -42 75
-77 11 70 -56 -13 -7 -70 -84 -69 -24 -39 -71 -81 -50 46 38 69 -46 -2 86 40 -68 59 -66 81 48 51 47 36 -80 -9 -14 -10 -13 3 56 8 82 11 20 -34 94 54 -3 36 96 60 28 35 19 -34 -55 -38 71 6 29 -33 36 0 -51 -50 97 36 -98 -13 -18 52 -13 16 68 92 64 -54 90 41 -63 -62 -26 75 93
-45 -36 47 -61 98 -71 31 -20 48 -15 -63 -89 5 -99 -83 25 -82 -46 38 -87 -40 5 83 25 17 -64 -70 65 -80 74 -3 -87 -21 -2 -29 27 10 -44 -35 -45 -97 31 -36 46 -45 -89 18 37 -20 -50 -75 -86 -35 -75 30 -7 -48 -17 -91 -64 10 -100 20 5 -23 -89 -69 -72 52 -35 -95 -9 22 -62 70 54 -96 -8 87 97
