13 -3 -79 -84 -35 36 -14 -89 74 42 26 -16 -93 8 -74 -36 64 26 -98 -21 -2 23 57 -37 20 -5 1 -88 39 -74 86 -17 27 -77 -12 87 -90 2 24 0 -1 -68 -29 17 -22 -84 -60 -28 13 -75 -45 74 12 63 32 -47 40 26 -13 -61 -2 -6 54 -91 -51 -32 15 -18 24 -61 -87 67 12 -35 85 47 -28 -21 74 18 -63 17 27 -31 48 99 -93 48 4 -63
-34 -93 -97 34 14 -95 -33 -63 -33 -70 -78 -62 37 -24 19 59 -81 21 -87 -84 76 -22 1 -82 -43 -29 -56 95 -29 -73 -58 -25 -15 16 -75 -84 -9 60 54 -81 17 -92 23 13 57 -68 -62 27 -35 100 -23 94 79 53 -67 58 40 45 -59 -44 92 -47 44 40 17 -65 38 -13 27 33 94 84 -7 -88 -24 -67 62 0 -14 -63 -21 -20 80 -87 -4 30 27 88 -66 60
57 2 30 -40 -91 45 92 -98 26 62 61 -66 78 73 -81 87 8 70 96 -53 53 -77 12 89 -14 -14 82 50 67 -30 -71 -30 14 41 -100 8 -92 -52 93 -27 -81 50 -39 -37 -52 21 62 57 -66 -43 -69 70 -18 -59 -2 -63 -71 -48 -36 -19 11 7 -6 78 17 79 44 -11 24 -48 -7 -44 -14 -22 76 -84 31 5 6 71 74 -56 -1 26 21 3 -91 41 72 -85
-100 -66 22 78 -19 -82 99 -60 -6 53 -92 -5 3 -18 59 -73 88 92 9 50 78 -49 93 88 80 -69 22 -40 16 43 -50 94 -40 40 -48 83 -90 -5 -92 14 92 37 -58 -6 -96 -83 -19 -33 -73 -20 -41 -7 -61 96 -39 -43 -23 -45 -74 85 70 70 57 -58 67 20 -72 -23 -78 -10 68 -80 8 -33 35 51 86 -17 -91 46 -98 -17 -33 -89 25 -74 59 24 -3 31
-68 86 -35 90 87 -42 57 -78 -60 73 1 83 41 60 -73 82 6 87 -27 -71 5 -7 -83 44 13 -32 -97 0 33 80 -61 -25 -8 -16 8 90 -46 57 33 -69 72 82 -50 49 -54 -41 -49 11 65 -99 92 -76 22 30 78 -71 -74 -42 -82 -78 77 -13 1 -51 83 55 94 66 92 29 -40 46 -82 88 58 -96 67 -8 40 71 -63 100 52 -99 -41 31 18 -5 21 -82
91 28 -95 22 -61 -60 -80 86 -43 -61 18 -81 11 62 70 -11 89 14 -67 -36 -13 -33 67 90 19 86 -4 -67 53 -98 -63 -83 31 16 -65 18 -15 -94 74 43 -53 -83 -77 26 -32 86 36 -23 -52 95 26 1 -65 29 -71 47 39 -44 7 -91 38 -14 -96 59 1 24 45 90 -85 -35 -39 92 -3 -21 81 54 -69 80 4 -97 84 47 93 -15 43 -20 -22 -69 47 -1
-62 3 -55 0 -94 50 -46 37 31 -81 -73 67 15 -42 83 -12 -69 18 87 -70 93 -94 -54 -15 -36 -43 -61 54 -22 -52 23 -9 96 54 -2 53 28 13 -76 11 -17 -66 -43 75 -18 -79 57 -87 -56 93 -24 -84 -12 -71 -79 72 83 89 -99 -76 12 80 -49 -7 17 98 -15 -92 -85 -99 -84 -23 70 87 -40 -44 -74 61 42 -93 -74 -52 -6 15 63 -63 -93 -84 -72 -94
-88 73 68 92 -5 12 -12 96 1 99 -77 73 0 47 88 -85 -83 37 -1 67 -21 41 72 42 80 85 19 42 72 54 68 -55 -64 -71 18 -26 47 -11 27 72 -90 71 -87 -49 38 45 65 75 -4 -83 -76 43 38 16 -29 -71 -13 -53 2 59 2 -49 -36 97 41 -24 33 96 -27 -95 -31 -62 -21 95 -9 -36 -25 -66 -74 -61 78 4 -14 18 42 -5 -20 -76 -99 93
-66 22 58 35 4 -77 -89 100 31 -61 -64 18 -42 69 -38 84 -61 74 62 -22 97 10 13 46 -17 -82 90 93 -24 -13 65 32 76 74 6 47 -74 52 -49 11 -82 78 -69 -27 -42 23 78 -89 -81 2 -63 98 7 -74 73 -53 -35 8 62 -52 61 64 -97 66 83 8 -51 23 9 3 -61 40 31 33 93 -69 -85 -79 -87 4 70 -17 19 -69 10 66 23 90 69 -79
-25 -26 60 -19 66 40 16 -85 -54 -76 95 -88 83 -97 82 74 8 94 -54 94 75 45 71 -89 8 -70 -9 -54 -15 54 41 1 -7 -41 -10 -89 -78 6 18 88 77 -83 -100 -61 -97 -88 -46 -74 -31 -100 -2 -80 79 14 35 44 19 29 -100 -89 63 -82 -90 -93 61 -15 -75 81 -54 88 1 75 83 70 18 -45 80 -78 22 -8 -83 -14 -77 31 20 60 58 93 73 55
72 100 27 22 -75 -46 32 5 21 21 78 26 83 64 -84 35 -25 78 -42 -26 74 21 -72 51 63 67 84 -11 -66 -100 72 -57 40 51 -70 48 80 -1 -2 47 -89 -97 46 38 -16 25 -37 65 95 16 -54 53 38 -11 23 90 82 11 77 95 -59 78 2 72 -45 -79 -22 63 66 -42 73 -29 -56 -79 -97 88 -64 -4 -92 70 90 23 9 25 -48 95 -33 40 -59 30
-35 26 -77 81 39 -50 -77 41 53 36 -20 -2 -68 -43 26 9 -13 -59 -85 87 -43 -90 -89 35 -79 92 49 -8 -48 -49 99 -59 -61 -43 -9 15 -14 -26 -42 -51 9 22 -10 -32 -11 25 13 -54 29 17 -4 93 -14 89 -58 -38 -6 37 60 -71 -49 63 3 55 -67 -19 79 -95 1 26 77 44 -47 20 -86 -88 98 12 87 -53 -48 81 -56 -76 -41 -18 -94 87 -42 -15
-85 -5 -10 74 88 52 21 -55 -41 43 57 36 86 -9 95 35 -31 96 90 -55 4 36 -89 -27 -8 34 -65 84 -2 -36 5 62 20 -43 61 -31 79 -69 92 19 -18 48 74 -92 -72 -29 -25 -4 4 -21 92 20 89 -46 -82 -67 -53 -74 -92 57 23 -65 48 -20 48 71 77 -5 -62 17 70 20 31 60 -22 -62 58 -98 -14 -36 59 25 32 -85 42 -41 17 -92 14 46
-42 -29 -71 -82 15 -48 -88 82 28 -89 38 62 37 -79 6 40 -24 30 83 96 -93 -54 90 -100 -30 -31 -41 -38 24 -14 -95 -97 12 97 19 -60 -65 15 -88 15 -63 21 -59 0 39 -82 30 -36 50 -16 -58 -95 -62 -72 -26 -51 -47 53 2 -55 81 42 -9 -66 97 -76 -40 93 41 19 22 -27 -86 -20 49 2 34 -10 98 -3 -27 30 -55 -32 40 46 -2 1 -96 13
73 -95 -44 -70 75 82 70 49 51 -9 60 -64 100 -92 17 6 -67 -26 37 -31 -63 9 59 63 18 -62 83 65 6 -91 44 5 -38 -64 -40 -68 -61 69 14 -59 48 -75 4 88 -55 -77 40 85 -64 62 94 -28 -45 24 -81 -99 -31 71 67 26 -51 -58 57 -15 69 19 -55 58 25 -52 2 -10 11 -74 70 34 45 -62 -56 21 -95 32 -46 -72 -1 49 58 -35 38 -70
-60 39 -52 -35 26 53 87 72 -41 -66 -40 -49 -38 -21 -74 96 -25 40 -28 9 -65 58 -87 27 58 -59 66 7 71 -48 -39 76 40 -99 -51 0 -3 -83 -62 93 77 -84 -65 -79 -19 -31 -100 12 77 -28 84 -28 -13 -94 -96 1 -7 24 95 68 55 -85 90 -71 99 -29 18 49 5 -37 -70 15 -70 89 67 3 65 -76 39 3 -56 -18 26 39 60 -42 -2 -71 82 96
92 -82 15 -98 22 86 31 50 59 68 66 -64 -7 -26 -54 -67 23 -32 -45 -38 -23 5 13 -62 -44 -74 -27 22 55 -46 9 -46 72 -21 7 68 14 23 -24 -74 -60 15 -95 -44 -9 -29 81 -28 57 88 75 89 -11 38 -91 90 73 -81 -80 -6 -58 -56 -62 -44 6 95 -44 29 -94 -53 98 -31 -39 -56 -67 -18 5 15 99 -55 30 80 3 -89 -9 14 26 -44 98 -66
85 -2 19 -27 -65 -88 -71 -23 15 60 8 -18 45 63 44 -77 -5 5 65 14 -85 -14 66 -89 11 59 -56 70 99 97 -57 -28 -58 -50 -47 1 97 46 29 23 -91 3 45 -1 -42 48 -61 -9 45 -73 -27 -18 -43 -14 81 -88 74 94 24 -20 78 53 -68 -98 48 -40 -21 -61 -28 -33 -83 46 -62 60 -64 -87 -51 18 -98 -60 -68 47 88 -56 -55 6 17 -11 2 -36
87 -3 -27 86 -3 1 -33 -72 -88 -77 -76 12 15 -99 39 -26 42 11 21 28 -94 -70 -85 -21 98 67 -20 5 96 -81 50 95 12 94 77 28 -49 -89 88 26 -78 10 -25 97 63 72 80 -72 -9 5 95 -25 -83 -3 -20 -48 71 89 -30 24 -95 50 -87 -99 -69 -4 -47 -47 81 -79 -26 -38 -62 44 -1 54 0 80 -42 47 -8 27 -73 66 -33 -63 40 -22 81 93
26 40 41 -83 -80 -88 43 -23 39 31 -9 -42 -85 -63 -7 -41 37 -91 70 23 32 -25 13 96 -56 1 -20 95 -30 -56 46 92 53 100 56 -29 62 69 -100 57 63 11 75 -43 58 -95 -100 75 43 74 -52 12 14 -91 65 3 -37 -41 55 37 -41 79 -62 -71 -24 36 36 64 3 29 -73 -55 -93 3 45 -64 -1 -99 -78 -8 8 -51 20 -73 98 35 38 -50 44 82
-2 -93 15 18 93 55 -86 96 21 -76 -54 -86 0 88 75 88 61 -37 29 -48 -96 34 71 -34 -23 52 27 70 39 89 12 -95 27 24 87 -17 -59 31 -73 -57 44 -33 61 -35 100 -92 -99 12 -23 -61 -64 -19 -96 -2 -42 33 71 -45 -60 -38 -5 -11 60 -83 -28 -8 -53 -13 53 92 -60 -15 5 -46 -60 65 -7 -74 -8 77 -99 -72 6 30 -39 52 50 73 34 -55
80 -27 53 47 -69 81 -58 -21 9 73 -89 21 -41 85 -63 -68 66 64 34 -17 -84 -35 11 -9 -82 71 -26 -32 57 70 -19 12 49 -12 -6 -39 -14 61 -58 79 63 -3 79 -76 88 -29 -97 -54 -84 19 12 71 12 -94 15 -100 99 -55 -35 7 -9 100 -36 -27 -10 93 64 86 84 -66 -75 -89 -26 -10 61 81 84 85 -72 9 83 73 -97 80 92 -29 60 -54 14 10
16 -68 76 98 -85 45 -53 63 -54 94 14 -57 38 -53 35 2 45 1 84 -89 -20 -61 93 93 -40 -25 62 -69 -94 -20 -64 69 -92 -58 43 43 -77 -61 70 80 35 72 -68 -45 -41 -1 90 -61 -58 60 -21 90 45 63 15 -27 26 -7 27 50 39 -35 -10 13 67 -21 -41 83 -15 -8 51 -73 30 57 -80 87 88 -64 75 -20 2 28 86 5 -29 -15 65 25 -62 -7
7 -13 -87 -33 -8 21 92 -6 -86 100 71 7 23 60 44 -62 41 62 60 77 83 -48 50 4 -12 53 -43 32 41 -28 -56 10 58 11 -41 73 40 35 -43 -88 -42 -65 57 -42 -2 -22 -34 -53 -81 48 -40 -19 -93 -57 -15 4 87 86 -23 -37 -32 -40 -82 -76 59 -88 36 51 -76 -25 51 42 16 26 13 -28 28 91 -68 -66 24 23 77 -13 37 -51 -84 65 4 50
23 93 19 6 -18 72 39 2 96 81 50 80 -21 46 -3 -41 -15 -28 78 -52 -35 24 38 -91 43 91 -90 -65 4 -71 34 32 -22 -46 94 48 87 -57 -78 46 76 -55 -49 -100 83 -97 -90 31 -5 43 -92 92 -73 -25 88 -6 -32 -94 -46 -47 100 -70 -21 43 -9 24 -3 -46 -80 74 87 -67 -99 88 38 -62 31 -5 -59 85 74 -68 -100 34 -79 -45 50 -50 -58 39
-53 -50 50 -63 -80 81 -76 33 16 44 -100 72 -19 -54 -22 -68 -88 -18 -85 68 -93 -25 84 14 13 -85 -89 -69 -61 19 71 -91 -98 60 26 -14 -60 98 -45 -59 20 44 75 40 -38 -52 -54 98 68 73 -44 -75 -83 90 46 -60 -11 -58 -78 61 0 -33 61 75 54 28 -32 -68 5 -1 -35 -77 46 33 -75 86 48 55 95 37 -48 -64 39 31 42 -48 -53 -52 67 -32
-87 2 90 53 -5 4 2 59 -62 70 81 -96 98 78 57 -30 83 -11 56 36 60 14 31 -48 41 4 -89 -23 -11 -57 -97 -50 -80 43 4 -7 73 -77 -31 -90 -10 -41 -20 66 25 17 62 -48 99 94 -16 21 19 -93 17 -14 30 64 91 -27 18 -78 35 -89 -87 -17 -41 76 -42 -100 -7 -58 90 -72 75 20 -98 -65 -56 -63 83 -19 66 -33 21 -68 93 -38 -56 -93
47 69 85 -53 -65 55 -59 -90 40 86 -6 -33 93 -17 -14 -84 -80 68 21 -31 -65 -54 48 -88 29 -82 95 -72 27 -95 32 69 29 73 14 44 -4 69 -13 -39 -97 43 3 86 69 -65 8 80 0 -79 -53 -35 67 -86 -24 -91 19 30 0 39 52 -63 6 88 -40 -89 100 76 77 -48 -88 27 -85 -2 42 75 -93 9 35 30 60 -93 -2 -81 59 -33 -76 -73 87 32
-7 93 -65 -30 87 35 -61 -96 8 -94 26 -52 -96 95 99 35 76 34 -30 -18 40 -51 43 -13 -1 25 -1 48 -95 -66 -78 -39 -64 82 -89 74 -61 4 -35 -93 -52 -26 11 -6 -81 -63 65 19 -57 63 -92 -30 -92 -91 57 96 -76 -72 30 7 -72 -62 -30 -50 33 -26 -61 50 60 4 66 -17 35 -29 -6 -48 -77 -14 41 88 13 -20 40 15 -46 -30 -74 -29 -76 -65
68 22 45 -65 -91 84 50 -58 -68 -27 52 -27 59 8 48 -52 74 -58 74 -97 -15 -83 47 -8 81 9 31 55 65 17 99 -10 -42 91 -3 -27 33 53 68 -39 -59 -58 22 -67 -11 -80 -96 -22 -13 -19 -41 59 59 0 76 48 -18 -52 -37 42 -21 -97 -18 -14 80 -32 -20 54 -51 77 -84 -49 -4 93 84 -84 37 -35 64 100 65 -25 45 -54 -62 -56 -27 93 -77 -95
17 -8 80 98 -30 -37 37 -99 41 43 22 47 -68 85 -61 -89 -38 -37 -27 -71 41 26 11 68 -84 -13 -64 42 25 -1 100 17 -51 -93 -15 73 -55 65 52 -36 -40 -61 -8 -39 -7 77 35 -62 -47 -59 -9 -3 95 72 33 49 -41 70 -74 -19 80 21 90 -96 -44 -31 11 -88 -88 -26 -46 45 19 -53 -57 -89 -58 -93 -52 -32 -31 94 67 -13 -11 -43 1 -20 -20 6
95 71 51 -61 19 -76 59 -94 -25 45 93 96 -56 -72 -82 74 40 81 87 27 14 100 0 38 -100 72 69 -86 -35 55 -99 -57 -48 83 -46 -2 -53 -13 -20 27 -98 -52 98 -91 48 -58 55 71 -80 -68 -19 -61 11 14 -14 -54 -57 -13 26 61 -32 -24 78 -25 41 10 -58 11 72 -3 -8 -11 -93 2 60 30 -36 97 -28 -8 77 63 -100 -50 74 -2 77 7 -71 -30
25 -17 7 -60 -33 -97 4 0 -46 37 -41 -60 83 39 5 41 83 62 43 -9 57 -73 -2 29 91 -96 46 -1 89 74 24 37 99 80 -92 87 -55 -97 3 65 -13 -13 90 -87 32 42 -66 -68 21 -29 69 -33 41 86 94 -95 75 -11 -99 -66 17 81 65 53 85 -72 -8 -8 15 -16 25 100 -38 8 -84 94 56 9 -39 -97 -78 51 -42 -76 -4 68 46 19 -12 73
-17 3 -17 82 -30 -62 32 -98 82 95 -91 -79 6 81 -42 -75 -22 -71 38 -77 -18 21 -36 -68 -27 -33 36 20 -42 67 7 0 9 -59 89 -44 81 7 39 -40 59 22 -70 100 56 -34 1 -8 93 -17 -20 -39 86 -66 -6 82 58 61 -95 8 100 81 -36 -72 82 48 -41 69 61 -43 62 72 45 22 -31 -38 98 95 21 47 -79 63 -8 -26 -5 -47 75 83 -5 73
-98 66 42 91 -3 56 92 -69 -3 13 -93 14 -93 83 -69 -64 37 -39 -44 61 -22 76 -48 3 -75 -86 -78 -3 -74 14 26 -23 100 2 -99 -71 -65 -46 74 -84 -71 -77 68 90 4 47 -8 -71 -97 -24 61 -98 -79 12 -11 52 -73 17 6 -83 -75 5 -84 51 69 55 22 34 -27 53 -79 -56 66 2 -45 -86 -45 98 -45 -96 54 -70 85 39 13 -3 -20 -98 61 -82
-60 71 24 -67 -85 76 25 -100 60 -56 -50 -48 36 78 82 -78 -2 14 -19 44 -84 -74 -80 73 5 -42 -19 -43 -67 30 -86 -56 -35 80 7 -10 37 -88 25 51 -90 69 -10 47 27 -19 7 0 -92 -62 67 -23 55 -15 -40 59 7 -87 16 35 -77 -12 84 -35 84 65 72 -64 -23 13 -75 -100 17 86 85 -19 -61 16 89 1 -21 -40 20 -84 12 43 -51 -88 52 6
87 32 -2 -59 51 78 -92 98 26 54 -69 76 16 95 -49 -21 -25 27 -18 6 56 -84 43 16 43 76 1 10 87 44 54 -50 38 -39 33 76 69 -21 85 -77 -87 -57 -47 -68 -50 35 -80 33 1 -66 -9 69 17 51 58 44 96 18 25 -68 -4 -56 -84 60 -7 17 25 12 88 13 -68 -63 -16 -26 57 47 -63 53 89 41 -71 -48 89 28 -10 -77 -88 -80 -44 87
-36 -75 98 54 56 71 36 -11 -39 -62 -2 -25 -34 -99 -15 -60 64 -98 -45 -59 -9 90 24 57 34 -73 26 67 -45 49 35 -11 93 -55 -88 77 -5 33 78 -37 -7 0 37 11 -75 76 -61 65 -45 -45 52 -24 -6 -92 16 48 -51 -25 2 24 67 67 5 -12 24 -12 -91 87 98 -90 37 80 -1 -72 -87 -84 48 -2 -71 -43 -98 -29 11 -40 17 22 -29 -60 86 -20
-67 -21 -21 -41 -29 -66 73 2 4 -32 -24 -28 5 76 -73 -20 -80 93 62 -12 -31 76 -3 -91 -95 42 13 100 -62 -64 19 42 56 -30 29 -94 52 -41 74 7 30 93 48 18 -37 -10 -85 -56 -25 -92 93 24 11 88 56 69 36 23 95 -93 -49 85 -51 97 14 14 83 -81 59 32 31 100 26 -19 50 5 -27 73 -94 71 -63 32 -17 47 54 28 -71 -69 3 -10
-85 -37 -77 20 -37 -96 -94 50 -50 -20 58 26 -98 -10 -20 1 30 47 53 9 -3 80 -39 -44 63 -22 63 -87 -65 97 -11 -18 -75 77 94 -65 36 -55 -41 -65 52 93 -95 49 35 -36 -78 45 -71 65 -80 -39 58 3 -18 80 8 -79 70 35 -47 39 -10 -72 -7 83 -21 44 9 73 39 29 -15 54 -86 -47 -24 3 62 32 -68 -31 11 -77 5 -92 17 -93 -57 -12
77 87 -65 13 -25 -64 75 -55 27 -85 -4 -2 -18 -16 -70 -5 -56 -48 73 99 78 38 -32 66 92 -73 -55 -93 -36 82 15 6 -54 60 36 95 72 94 94 -89 -83 -7 -28 -67 79 -78 -27 -60 -8 -41 67 -30 91 -14 49 76 23 -50 -37 77 -9 -92 -10 93 95 89 -61 74 -18 72 -24 28 -26 25 -83 7 14 -79 -10 94 46 -11 -74 92 -94 -81 -79 -48 60 57
77 22 -50 13 67 50 -20 43 54 -41 40 67 66 57 33 88 0 -32 -69 32 -12 -43 -45 62 36 -14 -36 35 94 -95 28 -51 -44 -87 -20 83 85 -37 -10 68 10 81 17 17 64 -40 34 -7 22 53 91 0 -36 -73 70 -60 -16 -18 39 -33 -75 86 95 6 -83 -32 62 -92 -44 -63 -89 -61 -86 -27 -9 -3 -62 61 94 -3 -45 -53 66 96 24 -55 -99 -93 -63 63
90 98 -66 -78 -42 18 51 41 8 38 98 -6 -45 76 33 -55 -30 36 -62 -6 -54 38 57 -99 68 44 -29 84 56 -87 -59 13 -28 92 -21 -3 83 0 -93 60 -56 -17 2 -17 79 -82 8 28 80 -19 2 -37 29 58 39 -48 -37 -23 92 -47 -31 67 -47 60 -39 -46 -5 78 39 -62 -22 -83 -23 54 22 91 90 -79 56 26 -73 -61 83 39 -18 -83 36 11 -5 -82
31 -41 -1 -91 -88 -94 -55 -58 75 91 65 -76 42 -45 -92 -34 -97 8 -72 -39 -33 -55 -11 -25 7 -36 -42 30 -13 -43 -94 29 44 34 -70 0 90 -17 76 22 85 -6 63 -73 81 99 97 87 72 -38 -91 69 81 -16 -63 90 69 -70 -32 -9 25 18 18 -80 -74 -81 0 -39 -10 73 -81 19 97 -50 -3 68 -3 -91 -48 -94 94 82 54 -59 20 88 -54 11 -28 37
-27 92 72 -46 99 -10 30 -76 -93 -69 -17 29 -23 -62 -56 7 -13 -72 82 82 35 -92 -85 96 -6 -2 -50 -20 46 -81 -43 11 -90 78 30 -68 23 -36 63 -56 -22 57 40 72 -96 92 82 78 -85 -48 -72 -27 -82 53 5 74 -15 13 -88 52 65 -66 -29 -20 67 68 21 -4 96 45 85 8 -70 -74 16 -86 35 65 -32 35 -8 69 58 6 87 -78 8 -73 -23 -62
-78 -70 73 72 -18 32 -20 64 -72 -42 -74 7 -14 62 -98 21 46 12 33 -52 56 -7 25 61 -79 44 100 -70 -35 11 83 51 -100 63 99 37 -91 1 -99 -1 -88 -34 -100 -11 14 28 43 8 -69 0 -15 -92 -19 -99 -78 -94 73 26 10 9 29 76 10 -89 64 54 -90 -22 90 -93 -76 -36 -60 8 -61 70 -51 -59 55 -31 -77 44 -49 94 -7 -41 -95 -45 97 -30
66 41 -76 -31 -75 57 73 -80 83 -32 10 37 -3 23 77 -37 44 -16 19 -21 -80 1 -77 -12 -28 72 -65 -98 -37 90 -7 -73 94 20 -69 81 82 24 -100 -33 -73 31 -38 34 -17 53 -99 -61 -36 -5 56 2 68 -75 90 86 11 33 -38 -84 -66 -40 92 18 -98 36 84 27 -46 -94 -30 92 95 1 85 92 88 -47 64 -66 -40 58 -14 86 -82 11 -83 -36 51 4
35 32 11 98 80 75 25 -40 11 -91 31 48 23 77 45 37 27 12 90 -6 -86 44 -25 -80 70 -78 24 -93 -54 56 46 41 -52 17 34 -57 30 -99 -51 36 51 -86 -86 14 -28 7 -36 57 -56 -12 33 75 -57 -83 -11 -33 -50 -86 58 -54 -97 -70 27 -27 -50 -64 -21 88 -31 55 -12 41 98 -56 60 96 -17 -48 67 -64 -68 -7 33 -33 58 -60 44 -24 -65 -13
-28 25 97 4 25 -31 2 -25 -6 32 -17 65 -54 -93 -59 81 40 -35 67 -50 7 -17 86 94 99 35 39 -41 -10 -25 -54 43 77 50 49 43 -23 -82 43 -19 -71 48 23 95 -60 -28 -12 -15 13 -96 86 7 -88 91 66 -66 -73 49 -15 -57 -37 -76 3 -22 -58 98 70 79 30 57 44 -99 84 64 -79 -24 85 -13 47 40 16 -97 17 81 33 42 84 76 -22 -32
-26 85 99 -25 -20 -78 -23 77 78 -92 54 42 89 -52 56 18 -4 -95 4 32 84 77 -88 -40 0 -18 -76 -18 -74 -43 94 -20 -43 25 56 58 54 83 76 -56 -98 34 -86 82 31 5 35 18 86 -4 84 9 36 97 -15 25 70 32 -71 -64 59 -97 -43 -85 -25 -44 87 13 -99 21 -31 49 20 33 17 77 17 -13 31 44 13 -17 -22 -5 60 -21 66 -17 -81 5
87 20 4 -12 -36 97 88 -76 38 38 79 -36 -48 95 -17 95 36 -41 -89 -75 5 -58 28 18 31 -16 -85 -9 55 38 20 -21 55 62 -69 -68 -71 74 3 -13 -50 -54 -1 43 89 -64 40 28 -43 57 -23 -85 -40 -33 11 28 21 -80 -87 54 22 19 -25 -17 1 45 94 -46 18 -75 -17 89 -24 21 17 -99 16 40 -13 32 25 56 -99 -30 -69 72 -65 99 -65 2
52 8 -68 6 -24 20 -43 48 27 -48 -24 43 81 11 -97 25 96 -76 -61 91 14 -69 -67 -53 28 17 -18 2 -61 -95 64 93 -62 89 -40 -93 -83 51 6 -59 -11 87 45 78 -29 -33 48 -10 49 67 -70 -16 2 -89 55 9 -59 -9 33 -71 -43 74 93 -84 61 74 46 -35 65 -73 19 -36 -40 -98 -86 -88 -68 -63 -34 93 59 -81 -66 6 -76 70 43 87 -9 -97
-16 -65 38 -54 -80 -11 100 -73 -17 87 -13 0 -78 66 -84 -88 -41 43 -37 -87 97 98 74 62 -67 85 -33 12 -21 -33 98 88 -43 -9 80 11 90 11 -70 40 45 -67 43 -32 71 81 95 15 -60 55 -71 27 52 -48 -21 54 -28 -6 35 -25 -72 98 -38 -68 -51 -82 -73 -86 61 -76 -96 -83 -21 -63 -68 -95 13 13 64 19 97 61 -69 95 96 -83 -24 -19 -2 37
-84 -72 -73 -11 47 -68 -96 -84 -7 -73 83 26 -55 -100 28 -45 -94 13 -82 -60 37 -39 82 59 21 100 -60 0 -84 -61 -47 -14 -28 0 66 73 -51 33 47 -22 43 -35 88 67 5 -28 84 0 84 67 -73 -70 -74 -7 40 5 -43 -99 92 3 -39 30 -48 -57 -75 10 -85 -10 -55 75 61 78 68 10 65 -81 2 97 93 -43 13 85 94 38 47 -94 -16 -40 -71 93
94 -72 47 -29 41 -29 93 17 -99 21 -53 -43 79 -50 14 -92 50 55 43 -6 47 -21 97 -100 31 -73 -3 29 -93 -1 1 79 13 -73 -40 -34 -52 -53 -48 -82 53 -75 -34 3 -21 -48 61 75 67 -15 58 24 -93 11 61 52 4 -30 -36 31 2 63 19 -51 87 -99 49 -76 -42 -82 31 38 7 -73 100 47 17 -81 -74 -93 26 -48 -78 99 -48 -84 51 95 -15 -14
-30 -63 18 -37 35 -95 68 -2 99 76 60 34 -96 -24 -84 -19 44 16 -94 -64 -3 18 -88 26 -13 36 -73 42 -94 7 11 -59 -90 92 97 40 -59 -12 -80 90 -39 35 -73 98 -49 79 32 23 -28 72 -94 4 -60 12 88 24 -76 -72 -70 -23 -17 25 77 -69 -63 95 82 85 -56 -40 -17 98 -87 29 40 -67 29 55 54 12 -64 4 -94 -20 52 -95 38 -96 68 -33
67 32 -89 -21 -39 -58 20 -54 30 -8 71 -72 -60 -49 69 27 -29 -68 -17 -6 -34 19 91 53 22 -90 66 96 87 63 64 57 -81 -49 -43 23 98 42 -69 -91 67 68 53 87 18 -67 -56 80 25 -44 -85 -38 -22 18 -19 -31 -99 65 6 44 -86 -39 67 91 -97 20 83 33 -60 -20 76 -95 -34 -86 -18 -28 24 -45 41 19 16 -24 -78 -100 80 29 -81 -51 -1 20
-83 -92 -95 65 60 -19 -15 -61 6 39 -92 13 83 -35 -77 -91 -73 72 -97 -9 -31 41 -67 -12 -46 4 -65 48 -12 59 23 -54 -8 -60 -7 4 92 -22 32 55 -5 8 64 25 -16 67 18 62 -38 38 -2 -15 87 18 44 19 -29 94 15 27 36 -85 49 -41 -92 22 45 36 -76 -66 -26 -36 -6 -34 0 56 19 -100 -77 85 -73 -77 -65 -74 61 -54 -87 61 19 -35
58 -2 -16 -13 -49 92 68 -2 26 82 50 -81 -49 -99 -29 63 4 81 43 -39 -46 19 90 -75 13 -9 45 -24 16 -92 10 -47 29 -27 30 -94 26 61 -57 -67 -45 -5 -5 51 73 -22 47 -85 44 -91 -17 62 -13 -8 -11 65 22 60 100 86 34 -71 1 -68 -72 -27 -8 4 -36 100 -70 57 -46 -92 27 2 91 53 34 19 2 64 -89 74 69 7 76 -100 -52 -64
7 36 -86 -89 98 -95 -16 -98 -11 9 19 -26 87 10 7 -37 20 22 -8 -93 -41 -81 71 -53 -24 -27 99 30 31 -40 25 50 -78 19 -79 28 -28 -90 77 -31 -24 98 43 -62 44 62 31 -9 22 27 -62 -1 -13 22 11 27 -10 50 77 -67 83 -76 -71 20 -87 -38 -26 -4 16 -79 -57 -12 94 0 -56 -85 -27 -87 3 -7 57 -3 7 -92 -94 -8 66 -74 -26 28
-77 -14 96 -10 -9 -94 -100 -78 -66 -45 82 -42 59 7 70 -80 57 -75 -71 -90 15 -59 86 -91 -7 10 -96 47 43 -33 65 -93 -85 81 41 42 -69 43 38 -65 -92 46 47 22 -75 -8 2 97 -21 -22 78 96 -5 -22 22 -82 62 -54 -65 47 36 66 25 -96 -48 -47 18 70 52 -87 -41 -55 70 94 -7 -64 0 -89 98 20 -94 36 65 -28 -91 95 -13 33 91 -82
52 60 -24 -88 59 69 -18 7 -51 82 55 -94 44 -35 -30 78 85 -21 -12 50 -36 83 55 -77 72 -36 -37 -26 -19 -94 10 43 -90 11 58 -61 65 -57 96 58 -58 -31 87 92 -47 -4 -88 70 74 51 86 -36 -23 -4 65 -24 44 4 -42 -79 -62 -11 30 -76 7 -100 25 -17 33 -75 58 61 5 92 84 -57 -63 55 71 -71 93 -85 -65 47 99 -93 -62 17 28 -27
-47 -77 -83 -22 25 -50 44 -77 -92 72 -37 -61 -27 -73 62 -60 48 -9 27 -59 80 -51 38 97 11 -58 -56 -96 -47 53 14 92 60 -14 65 -55 23 -25 -38 -24 -98 -33 97 -61 -40 14 -36 -98 52 -9 -90 7 -27 25 -36 68 -42 24 -30 -48 40 -73 -94 3 -68 25 -10 -22 -21 96 25 -3 46 -39 8 4 -11 3 -70 -38 -28 95 -79 -77 38 54 -71 30 22 31
91 -12 4 54 35 47 28 7 69 -46 -1 -53 30 45 -68 87 5 -39 -88 -1 -71 1 72 -97 -24 25 -50 -51 -46 -6 -53 44 -41 6 32 -24 -22 84 -11 -54 -96 -48 -6 -29 -38 -30 -80 -56 48 85 40 -73 -16 66 95 -94 78 -84 -8 -6 -81 41 -83 58 1 39 43 4 83 77 -38 -83 66 -26 -48 -12 -28 -79 -46 84 -79 16 -30 -73 -71 22 -46 -94 53 -73
84 71 94 -66 -27 -1 -91 89 -26 -48 -83 -32 7 63 -15 9 2 -41 50 -19 45 82 10 -76 35 -70 43 -41 -20 -67 -20 -61 79 6 -87 -76 79 -95 -82 100 -27 -12 -90 94 54 -25 -100 98 -64 56 -16 -52 -55 -56 12 67 -41 -28 96 42 98 -63 58 6 -1 49 16 -67 -80 -34 -6 -71 69 100 13 8 -60 16 -87 7 -81 -85 -56 -95 -18 -98 59 -1 -52 32
-76 -37 77 41 -96 -26 -3 97 72 15 -66 -38 -47 -29 87 -54 -35 -16 46 -40 -92 -22 -78 13 -94 -29 12 -17 -19 18 23 13 19 54 -44 -54 14 -33 -50 -51 -17 -63 69 -11 12 4 74 85 -53 -41 68 50 -10 17 83 86 -23 -97 -10 61 86 25 100 36 -49 -30 -59 61 39 84 90 -14 90 -41 49 67 -41 63 -19 61 97 -53 -30 75 -30 -77 -15 14 18 58
9 97 0 53 45 -71 97 65 -23 -51 74 51 -53 11 -39 -57 94 -2 56 95 76 -98 -39 32 -41 76 -30 57 -89 -54 62 -10 51 4 -11 96 -54 -65 -71 -26 -91 73 -19 -52 -23 -74 -61 65 20 -3 -23 54 92 -39 38 84 31 95 -70 -95 97 11 -96 -50 -65 100 -21 70 -64 -90 62 65 28 56 -79 -11 14 -87 -14 -93 34 -31 -52 89 -51 71 7 78 15 49
85 19 -54 -36 59 29 -36 7 57 83 -89 48 -96 -24 78 -9 44 -44 92 -34 9 12 64 45 -35 -95 -47 -23 94 37 -42 26 -2 -33 60 90 -1 72 73 -76 22 77 -44 93 -54 -57 81 5 -4 90 77 -91 26 13 91 73 -74 -69 -35 29 7 29 -5 17 3 -52 27 -29 -95 -42 -64 4 -55 -99 31 34 34 -75 -7 34 59 -97 89 -8 70 97 9 -93 -92 -33
-43 62 65 -25 -74 31 -13 22 -4 70 -16 -85 -17 16 -57 -14 -69 -88 -58 40 -50 -66 -67 85 -7 82 -17 86 -96 -83 -23 -22 84 -86 71 -8 -61 -61 13 23 45 -16 34 -43 32 1 1 -62 80 -95 59 69 -5 -37 -59 92 47 44 70 -12 51 -28 -95 49 53 -43 97 42 -56 99 98 -84 -89 -25 26 53 -92 100 -7 42 62 31 -68 60 6 -42 100 -8 -32 49
68 59 2 -68 23 53 -22 13 89 36 11 -91 -17 98 -19 63 57 28 -20 -75 -78 -73 -13 -79 3 13 87 86 -74 46 94 40 44 36 27 -66 67 -18 74 -73 40 57 41 20 42 -94 -90 -48 46 -93 11 -14 6 49 -1 -37 -50 -78 32 62 20 8 81 6 -38 -3 44 -88 48 -30 88 -40 -74 19 77 -84 -72 35 -1 -27 20 59 -100 76 19 -96 72 -34 -73 -18
-28 43 -21 -40 -67 -54 -51 -23 -19 -71 -19 33 -96 -69 -31 60 28 95 -17 14 -30 -30 -61 44 -35 53 80 33 -90 -32 -24 -75 -40 -8 68 49 -34 -19 54 -75 -12 -4 -94 -23 11 -6 97 31 -82 56 -58 2 -14 45 50 -43 8 -97 -82 -20 41 26 -25 -72 -93 -1 39 0 74 88 -89 10 82 -82 19 31 15 -11 -28 32 -61 -14 -94 -41 -34 -79 79 -1 -5 -29
51 -76 -38 92 19 76 45 28 -20 87 -41 93 14 -63 26 -6 22 65 -70 16 -80 -43 13 -62 -7 -17 43 9 13 98 82 -4 0 -19 43 35 57 -18 -66 22 -1 54 67 -15 76 -10 -20 9 -26 14 2 96 70 -21 15 -70 76 -35 30 21 47 -18 43 9 -26 -33 -66 17 -67 10 29 33 -11 80 -92 -98 83 74 -47 67 80 32 9 -12 -80 78 26 89 42 71
3 85 -49 32 67 -100 -64 35 72 18 11 71 -33 -57 8 -74 -99 -38 0 -25 57 -94 19 45 -11 -37 22 -92 -54 -69 -90 -77 -25 -75 -72 -97 -81 -88 72 40 99 80 52 45 -5 24 39 -18 31 -100 -8 61 -29 91 -47 90 98 -37 15 96 99 -69 83 -83 11 -43 5 91 19 -60 55 72 -84 -2 4 -58 50 -37 62 -69 16 29 -25 34 -62 63 -96 -89 69 50
90 87 86 -66 77 69 66 -41 47 -77 -68 93 58 -85 -73 76 -10 -51 -47 -6 77 -75 -59 42 50 -84 -60 -17 -96 -25 -6 38 -53 -77 -81 74 -56 -20 -56 -77 20 -63 69 78 25 -35 74 -56 -44 100 -56 61 17 96 27 77 78 49 -58 -58 -96 -10 24 64 36 -60 -8 19 -77 69 61 -65 -93 -96 57 -89 24 17 45 -13 -38 -5 46 79 87 -32 -83 47 8 -81
-47 14 51 -50 -32 31 -81 -37 88 65 -31 -10 -15 32 -71 36 -76 11 -94 56 -29 -51 44 -67 91 -36 33 -58 95 73 23 69 20 0 -52 -60 49 87 17 -25 -47 23 -47 -35 54 -65 59 70 55 -83 -17 -56 -33 49 -5 8 -9 -39 -30 48 30 77 11 13 -44 -42 -63 -26 35 -8 67 31 -74 -7 -47 -79 -17 -3 -16 -1 57 -67 -14 -41 -79 43 67 76 -33 44
-20 -61 92 -47 -9 24 -95 61 -85 34 13 -25 -30 -89 39 -7 -22 79 67 -50 64 -84 62 4 -37 -64 -96 -86 73 51 92 -48 -62 -44 -56 92 42 98 -23 -23 53 -84 -59 -40 -82 -44 46 -99 -74 -84 -12 56 96 15 -76 -70 -33 -10 99 5 51 -96 97 59 -20 10 24 -44 18 16 62 -7 25 9 -85 42 -54 4 0 79 -21 45 96 6 -28 76 -83 21 -31 9
-87 36 -2 -52 16 -58 -93 -74 -95 71 -78 -89 87 82 99 3 13 -4 -33 50 74 -46 -93 17 28 38 4 -87 -48 78 23 10 -37 13 -20 71 -48 42 -88 -9 63 36 -74 -69 -9 18 88 14 -85 78 -34 -29 -72 -84 4 74 -83 95 37 -76 -43 71 3 61 -43 -61 71 -42 86 100 -16 -64 -6 31 -33 38 82 -22 11 6 11 73 -51 -37 37 -8 76 -39 -62 75
-41 24 41 -31 -79 -81 51 -72 59 -50 -96 58 52 -31 -91 54 -67 -8 79 81 -35 -28 -11 59 -51 15 75 -54 19 62 61 -51 35 40 39 -98 -19 -6 -57 -54 86 -66 48 -34 14 -18 69 -72 86 36 24 89 -35 75 -8 -71 16 -32 -85 -87 18 65 93 -15 51 37 -18 -49 53 1 82 79 66 -80 52 7 -20 -47 28 47 -73 -49 -100 35 -56 -92 58 45 7 9
40 -40 10 22 -45 50 -95 60 -77 -64 -36 77 -36 0 26 -7 -87 -51 -4 86 -59 -16 -2 91 63 71 72 -45 33 -89 5 93 44 -65 -57 83 -19 23 12 -7 31 -29 -44 -17 82 71 31 -98 62 -39 -89 -34 68 -35 -94 -17 -39 -70 71 33 51 55 27 32 46 -77 -70 11 43 83 -96 68 65 34 50 -92 86 -97 -62 -15 64 -74 15 -22 -11 -26 31 71 43 14
-9 -92 -96 96 -98 38 98 -53 51 72 -26 -93 99 -37 -92 -60 -4 13 -5 -2 -89 -54 -79 -8 14 -58 81 -57 -100 -58 -48 -16 49 34 -44 -63 -30 35 -36 -18 47 -78 -91 81 -36 58 79 58 85 86 59 -1 -41 43 -80 19 -75 -21 -44 -51 10 98 67 14 62 45 70 -78 -98 18 0 -90 -90 19 6 65 64 -28 83 -11 93 -32 -15 -64 14 -16 0 25 -37 -84
45 35 -43 -72 -42 -44 -19 -53 -89 -32 52 51 74 -100 -56 24 33 65 73 57 -2 -36 66 99 -99 33 96 11 62 -69 68 -71 -55 -99 -40 -48 20 -63 94 -65 48 3 86 -93 -13 7 -29 -66 -78 62 46 -91 8 74 51 -86 -24 -49 -5 1 10 81 33 -1 -61 49 -18 -32 34 29 -99 39 70 1 55 32 -31 -64 38 20 39 95 -92 -92 -23 2 55 -80 54 44
75 -29 -34 0 46 -57 -94 -64 -24 45 82 -60 -45 100 40 59 69 -84 -88 39 30 89 59 -57 78 29 46 82 57 -30 85 -74 -29 51 6 -24 3 1 -9 38 2 83 38 -78 45 58 -93 -73 46 -20 28 -86 -26 2 -69 -61 -92 26 -68 83 -52 -67 -74 17 -6 28 40 -37 -72 -30 -4 75 50 -75 -85 37 11 -19 -59 31 23 -14 92 94 58 31 -60 71 60 -59
9 -1 68 -9 -95 -32 -40 23 -63 97 -1 -68 -8 100 9 -90 57 38 89 -9 56 35 41 57 -85 37 5 -34 37 56 -5 73 -20 4 -85 -55 -81 -50 71 53 -67 -47 97 96 29 19 -28 -46 -36 -84 -7 78 -33 82 54 -65 -94 -11 -38 -86 15 -73 9 -34 -47 1 -67 41 -40 -90 -73 54 90 17 -63 45 35 -15 33 -20 -90 15 74 -76 64 -70 -87 -27 54 -63
64 -91 21 29 46 74 78 14 74 -30 79 -76 -98 -34 -83 -100 -21 77 66 -29 6 30 -7 -68 41 73 -95 98 -5 -100 -11 -7 47 -91 -3 -27 -66 49 78 94 -29 95 51 43 -61 -19 -58 17 -82 55 33 87 -68 -13 33 -64 -88 -8 39 -44 -79 84 6 -20 -21 -63 -82 -21 -38 -98 9 -44 -52 87 -56 -67 -87 -40 -1 -9 15 66 78 40 9 82 -36 80 37 -95
-56 -58 25 35 76 -66 -52 -59 -48 -40 -11 -100 -3 88 -20 -66 13 82 -23 -86 45 93 2 20 -84 -89 24 18 -64 7 -7 -76 51 27 46 -44 85 13 -41 7 85 -11 -20 44 51 51 45 -56 -56 -62 -56 27 -2 82 89 -38 29 -2 -40 -4 -16 78 58 48 27 -99 -95 -6 73 -56 -52 -24 -3 -85 79 -98 84 16 -48 -38 -75 -10 -86 -21 -59 -43 22 -80 -14 -2
-76 41 11 8 -58 13 -97 -52 54 -43 -12 -55 74 -22 -56 -43 20 5 88 -1 -88 100 45 -67 -30 -8 -18 76 -27 96 63 -85 5 -54 67 -37 -16 -41 87 14 -52 12 -55 -23 71 -77 -42 38 69 -31 -52 6 -2 64 -34 -43 -93 40 -35 -79 -24 -49 -76 -72 -63 -19 87 42 64 -74 90 13 22 15 48 5 -84 -26 -99 1 -75 -47 -8 -78 78 -39 -93 -15 -90 69
40 -32 34 -83 55 -29 39 95 -10 23 -10 -3 80 -78 1 81 -32 56 -48 -60 15 -36 -29 -68 1 -92 -44 -70 27 -49 -80 -63 48 27 100 -65 -80 -48 7 76 55 90 -42 72 44 7 100 5 56 98 -32 53 -54 63 -77 30 -42 -68 -58 19 88 75 92 37 -84 -15 78 42 -3 -28 -81 67 46 74 66 79 -79 8 -1 23 14 -77 -9 52 -29 62 97 26 68 70
-55 -89 53 42 4 58 -43 84 2 -50 -38 68 30 -62 -2 94 84 13 -74 61 -19 85 -24 -96 85 1 -77 -13 -23 94 84 -11 85 -5 -71 27 80 50 30 23 1 -94 11 -12 11 61 -89 13 -16 -96 25 -87 -38 -9 -51 -2 -11 76 73 2 91 -74 73 -53 67 -20 -72 -60 -43 -72 96 -45 -12 -65 -24 41 62 -38 -56 -83 -57 28 76 18 36 9 0 69 48 3
31 72 42 -88 -8 -82 -3 -29 -38 -59 -66 80 -67 11 83 5 -100 30 50 -3 80 -26 78 -100 15 -44 6 42 92 -61 -98 -86 -38 26 95 66 -81 -29 15 59 -36 -22 -45 36 41 -95 -61 35 -93 -62 31 -78 -81 95 15 -21 -66 -60 -53 -65 -6 71 -54 8 -15 97 91 -77 48 24 64 -74 28 58 -26 4 9 10 47 30 -41 -3 85 -63 -82 -29 73 -14 3 64
59 92 93 -70 -75 83 31 1 -11 -55 71 4 -58 18 8 30 -85 41 -35 -90 40 34 4 -91 43 -2 0 -75 44 1 46 -44 -30 -71 75 -34 56 3 45 -16 -89 -94 56 26 -12 6 29 -36 -12 72 59 4 53 99 -58 -100 39 -65 65 73 -24 -55 31 -84 -52 95 37 -99 -45 97 40 -50 1 70 2 -93 87 20 -30 4 27 80 -72 -14 31 58 -65 -94 55 -78
