3122.00 4881.00 -6484.00 20295.00 -2684.00 6329.00 20784.00 -10387.00 29717.00 16197.00 
14241.00 -8876.00 8382.00 -2991.00 -2461.00 -5395.00 -12268.00 -14342.00 -4558.00 11551.00 
16099.00 9598.00 7811.00 -7165.00 -13564.00 9930.00 2518.00 -15372.00 -14412.00 -4935.00 
-1049.00 -761.00 -9253.00 15277.00 -1793.00 1994.00 14291.00 -7763.00 24537.00 15571.00 
-13439.00 19431.00 13192.00 -24941.00 -8070.00 10457.00 -22114.00 5110.00 -23330.00 6089.00 
-12470.00 4432.00 5229.00 2735.00 3338.00 7373.00 -5844.00 4882.00 2184.00 17984.00 
-18324.00 22151.00 6719.00 -22830.00 -7628.00 6261.00 -17441.00 5519.00 -13525.00 4500.00 
-7765.00 10776.00 -7949.00 -12014.00 -6370.00 3022.00 6888.00 -8935.00 -9746.00 3971.00 
-236.00 -1565.00 -14117.00 -7738.00 195.00 -2383.00 12954.00 -12071.00 221.00 4525.00 
-10602.00 27503.00 9030.00 -6460.00 -13505.00 -6417.00 -11194.00 2317.00 -780.00 -1625.00 
Volume: 2000
