3037.00 3448.00 -16852.00 404.00 -2257.00 -26.00 -23132.00 -2571.00 -8589.00 -9587.00 -8781.00 -17615.00 9484.00 7641.00 8118.00 25840.00 -852.00 -17394.00 -4491.00 -10881.00 
-8645.00 -2788.00 12441.00 6210.00 13525.00 -13540.00 18871.00 11119.00 6382.00 -6813.00 -1526.00 -12601.00 28557.00 15654.00 10203.00 -10865.00 -17416.00 -11882.00 -11092.00 6535.00 
-23614.00 -3443.00 2089.00 17434.00 9918.00 -4862.00 3158.00 13838.00 -7369.00 15837.00 -6395.00 -446.00 20060.00 -13824.00 3406.00 9334.00 -3087.00 38626.00 4245.00 -20135.00 
-4857.00 3708.00 -10035.00 32736.00 -4703.00 10928.00 13954.00 -11690.00 16668.00 -19929.00 -31194.00 14565.00 -3816.00 8143.00 14582.00 7676.00 -4640.00 35.00 16843.00 12955.00 
-17406.00 6038.00 7168.00 25394.00 4848.00 134.00 -4041.00 -18167.00 1645.00 -23843.00 -31983.00 19038.00 5454.00 7367.00 18727.00 27938.00 6382.00 8431.00 1751.00 -18454.00 
-15874.00 -4830.00 -12574.00 1654.00 26651.00 -6260.00 30220.00 12069.00 41.00 21983.00 -10108.00 -4154.00 6074.00 10673.00 4036.00 4665.00 18609.00 -2732.00 -3538.00 8620.00 
6236.00 11636.00 8960.00 17862.00 5126.00 -3497.00 2345.00 -14642.00 -12210.00 -14678.00 -27197.00 7337.00 -16202.00 -18936.00 11447.00 -5722.00 15677.00 11197.00 -18492.00 -2512.00 
-13991.00 16297.00 1929.00 -8614.00 -11466.00 -2480.00 15830.00 -4087.00 2200.00 19280.00 -1750.00 -7832.00 6372.00 15121.00 13368.00 -2313.00 -17356.00 -2569.00 23825.00 2445.00 
20364.00 -3895.00 16717.00 -4106.00 11473.00 28938.00 9157.00 13729.00 -3653.00 3601.00 2466.00 -26696.00 -8695.00 -8261.00 -11682.00 -8993.00 -27545.00 -27452.00 22461.00 -14543.00 
-4008.00 -7923.00 22102.00 -13304.00 -386.00 -13526.00 19657.00 -11314.00 5589.00 16276.00 10915.00 16798.00 -4956.00 11709.00 4803.00 -11884.00 7064.00 5720.00 -15600.00 14544.00 
11187.00 16136.00 27780.00 13360.00 6404.00 -746.00 3061.00 -17931.00 -16047.00 -21817.00 -3484.00 -7981.00 -14426.00 -18826.00 17722.00 -14792.00 -6711.00 -3817.00 -22723.00 4431.00 
36377.00 687.00 -13572.00 4654.00 4433.00 -6508.00 6890.00 3820.00 24325.00 -7354.00 32052.00 14152.00 6455.00 16371.00 5582.00 12306.00 6335.00 -26789.00 2805.00 -713.00 
399.00 -4512.00 -6274.00 -3101.00 -19929.00 -5063.00 -15241.00 19347.00 8226.00 -1020.00 8134.00 13501.00 24166.00 9325.00 -11949.00 -18096.00 3713.00 10956.00 -4104.00 -6121.00 
20592.00 18130.00 8157.00 12716.00 27455.00 1263.00 2367.00 20294.00 -8866.00 -22587.00 20538.00 7034.00 -2309.00 2508.00 15650.00 8436.00 -132.00 -10170.00 23294.00 -15960.00 
17023.00 15959.00 -6203.00 23010.00 -5692.00 -2189.00 -24293.00 -14786.00 -17745.00 -27040.00 -14634.00 3378.00 -11227.00 -14125.00 30481.00 -3607.00 21652.00 6288.00 -36279.00 -1620.00 
-4794.00 558.00 -8443.00 25258.00 -10791.00 9568.00 -20481.00 -17821.00 4357.00 -24727.00 -29729.00 -226.00 17066.00 13298.00 11457.00 20126.00 11507.00 -7636.00 -11054.00 -15610.00 
5094.00 -3392.00 -1646.00 15610.00 -6755.00 6190.00 15497.00 8313.00 10386.00 2180.00 -3212.00 1103.00 10427.00 -419.00 -6709.00 -4565.00 -6928.00 4184.00 842.00 -14586.00 
23573.00 14381.00 -16261.00 12610.00 10136.00 9440.00 7434.00 -9003.00 9739.00 -18816.00 17330.00 25733.00 -15316.00 2752.00 16925.00 2219.00 23241.00 -11240.00 12407.00 -1877.00 
-21921.00 -4075.00 18952.00 -602.00 -18780.00 2918.00 33280.00 -19246.00 20408.00 -9240.00 -14219.00 21058.00 10642.00 -2031.00 1514.00 -5371.00 -23512.00 6742.00 -1357.00 2644.00 
2549.00 2263.00 -22477.00 -8808.00 -12773.00 -18054.00 8770.00 10443.00 -7018.00 20481.00 9414.00 -7039.00 -3688.00 -2579.00 -2897.00 -8543.00 4445.00 7178.00 13658.00 -20400.00 
Volume: 16000
