-50008.00 12201.00 -23247.00 -13708.00 -4422.00 16454.00 -7423.00 -3791.00 6016.00 -57543.00 11073.00 -8924.00 -57823.00 -12156.00 -15300.00 -15906.00 15545.00 -15127.00 -26268.00 30148.00 23685.00 12238.00 10563.00 -40020.00 -29405.00 46676.00 -17327.00 -24356.00 -3422.00 -5289.00 -9190.00 28523.00 39267.00 30806.00 6482.00 -27420.00 -52861.00 -9278.00 14475.00 38457.00 -51765.00 -8359.00 -10732.00 -6278.00 -28657.00 56665.00 46757.00 -15130.00 -39577.00 10230.00 
-21987.00 -2723.00 -4618.00 -2477.00 -6456.00 -31708.00 -13188.00 -25410.00 9664.00 -10318.00 7917.00 -43297.00 891.00 19370.00 -3790.00 -23864.00 6752.00 -4840.00 -766.00 7454.00 -4533.00 -23041.00 -38730.00 -3422.00 -26913.00 -14496.00 26008.00 -16632.00 46898.00 29727.00 -38840.00 19063.00 3509.00 -12246.00 7811.00 -10613.00 28785.00 27392.00 -40254.00 29082.00 8736.00 39150.00 -35808.00 -39600.00 -33636.00 7331.00 11036.00 8687.00 -10265.00 -667.00 
7933.00 -28150.00 33777.00 2718.00 -7779.00 -13633.00 -42213.00 -6693.00 -49894.00 -5775.00 9122.00 7371.00 16247.00 -17616.00 33902.00 2158.00 19988.00 7380.00 7680.00 -9944.00 48477.00 19334.00 -24115.00 -22704.00 48406.00 -19150.00 11227.00 25371.00 -11178.00 -29037.00 23940.00 -6783.00 -13358.00 -37900.00 -4150.00 -3523.00 7348.00 17083.00 13157.00 230.00 -8043.00 -29988.00 14191.00 24981.00 -2227.00 -5161.00 -20959.00 31132.00 17256.00 9835.00 
-18707.00 40799.00 61289.00 40245.00 15871.00 -11576.00 -67571.00 -1658.00 3327.00 -1742.00 12709.00 -49781.00 8007.00 9365.00 46857.00 -22576.00 -24522.00 -33664.00 23181.00 -6225.00 -11740.00 32768.00 -22690.00 -23718.00 3969.00 -4107.00 -46536.00 -8883.00 -16189.00 -14069.00 46388.00 -22242.00 24870.00 20411.00 -26465.00 -4409.00 41786.00 -16086.00 -28686.00 4855.00 -29443.00 5154.00 8108.00 -13851.00 33699.00 -36006.00 -12379.00 3596.00 4131.00 24529.00 
4443.00 -3434.00 -6660.00 12673.00 -17577.00 5895.00 -8716.00 -5078.00 -34247.00 13656.00 3949.00 -41965.00 30049.00 2753.00 -15518.00 36020.00 2961.00 -9653.00 1919.00 21446.00 20765.00 -7578.00 3092.00 -44442.00 8430.00 -18806.00 12100.00 -1795.00 43266.00 8320.00 -13360.00 -14479.00 63785.00 -34332.00 -6208.00 33831.00 -1903.00 3669.00 19605.00 29083.00 21377.00 26246.00 -66230.00 -39779.00 10322.00 6894.00 5295.00 -1280.00 -32482.00 21209.00 
-17767.00 -20386.00 -6856.00 -54504.00 2347.00 -28388.00 28825.00 -18592.00 -38033.00 27184.00 -26204.00 1738.00 16392.00 -2035.00 28049.00 8414.00 -7406.00 -3221.00 -34128.00 -25308.00 -25367.00 19305.00 -8122.00 -22807.00 35186.00 -13196.00 6647.00 17173.00 -21705.00 -17802.00 6974.00 10961.00 -12810.00 -43537.00 -12171.00 -29811.00 -16502.00 -34697.00 -35695.00 10231.00 -22014.00 -21340.00 -15967.00 -24806.00 -40656.00 -29652.00 14346.00 -2006.00 9401.00 22907.00 
-47646.00 -18984.00 -12164.00 -14967.00 -5619.00 7611.00 4112.00 -17612.00 -1267.00 -1665.00 36029.00 3393.00 -54283.00 7543.00 -5761.00 6052.00 41749.00 -4900.00 -27457.00 22309.00 -17807.00 -2597.00 6991.00 -18819.00 -24185.00 11918.00 10372.00 -20439.00 31753.00 -18263.00 7496.00 44742.00 -6509.00 7345.00 -19510.00 -35880.00 20384.00 11285.00 -17036.00 15968.00 -42842.00 8615.00 4565.00 28606.00 -12630.00 23655.00 4921.00 -31482.00 5122.00 19335.00 
-7278.00 -22069.00 1713.00 -1064.00 21100.00 41007.00 17746.00 37219.00 -3823.00 -18751.00 -10997.00 -24815.00 4874.00 9720.00 19894.00 41041.00 2022.00 -13505.00 8726.00 13154.00 -19654.00 -9525.00 6990.00 24005.00 -10611.00 28382.00 7248.00 1552.00 4142.00 25170.00 19727.00 25170.00 10437.00 -17618.00 -5643.00 -8915.00 485.00 -26072.00 -8712.00 24012.00 2917.00 -2752.00 -19396.00 23673.00 14497.00 25975.00 -11077.00 -10769.00 12903.00 15731.00 
6630.00 -30609.00 -16229.00 19287.00 -3109.00 -539.00 -11180.00 40528.00 -3093.00 -30775.00 28902.00 -39087.00 8321.00 22607.00 14046.00 14274.00 -7244.00 -22477.00 -61593.00 -3735.00 18418.00 29581.00 14145.00 -6516.00 -31165.00 13730.00 16343.00 9180.00 10989.00 -7544.00 20721.00 39000.00 1149.00 23075.00 -11284.00 -56614.00 -29945.00 7132.00 29288.00 30669.00 10601.00 -1078.00 46466.00 203.00 13433.00 61582.00 -9151.00 -38536.00 7118.00 -47847.00 
3365.00 -9393.00 11610.00 -40831.00 -6579.00 -6732.00 33024.00 -23918.00 -9821.00 11275.00 8143.00 -36521.00 -57420.00 19452.00 38863.00 -10391.00 33818.00 17444.00 19129.00 -18862.00 45525.00 -40981.00 -5463.00 427.00 18570.00 24319.00 36083.00 -40938.00 -4978.00 -45890.00 -30961.00 17920.00 -15077.00 13288.00 -39994.00 26957.00 16688.00 -17040.00 -609.00 7426.00 -33645.00 -28314.00 -44867.00 -50604.00 -10114.00 43053.00 -27023.00 1896.00 -17562.00 -486.00 
14598.00 7977.00 -10080.00 9714.00 -2132.00 12634.00 25466.00 6688.00 33247.00 1554.00 -32185.00 23831.00 16318.00 5342.00 31271.00 18515.00 15251.00 9575.00 7524.00 7451.00 -30278.00 -16751.00 -27101.00 55331.00 12583.00 -1634.00 -1814.00 -2883.00 -14488.00 35393.00 -22515.00 9853.00 -13044.00 -3892.00 -12292.00 -15295.00 -17629.00 -28427.00 4727.00 16856.00 4929.00 -24768.00 14074.00 12564.00 35894.00 -20647.00 -23748.00 -6705.00 -1252.00 -29141.00 
19991.00 -17290.00 795.00 6271.00 46504.00 -4050.00 -15502.00 38925.00 25462.00 16889.00 7058.00 -2797.00 53899.00 -5594.00 25601.00 7371.00 18626.00 -5684.00 33349.00 1678.00 -8621.00 15995.00 30283.00 7781.00 19187.00 30307.00 -15906.00 25188.00 -691.00 -4919.00 -9504.00 16864.00 22848.00 -28145.00 -18229.00 38441.00 -15701.00 -6483.00 -7538.00 -28302.00 -4165.00 -27960.00 -68188.00 -2542.00 80173.00 -19203.00 -70487.00 -20464.00 -19245.00 -21053.00 
13629.00 1502.00 12367.00 15319.00 -19319.00 9924.00 -37197.00 33294.00 -17810.00 -9484.00 -31526.00 30718.00 -17376.00 -40795.00 35044.00 19865.00 7766.00 -27534.00 20359.00 18451.00 19607.00 -5822.00 -7480.00 19346.00 33002.00 -28884.00 8686.00 11571.00 -26539.00 -4998.00 10494.00 -32018.00 -32798.00 53625.00 -20151.00 4069.00 17510.00 22577.00 -16513.00 -17605.00 9507.00 -26676.00 -29970.00 71176.00 28265.00 -34036.00 4824.00 21986.00 4004.00 -4839.00 
28074.00 1217.00 -6442.00 30075.00 -21901.00 -8157.00 -29619.00 17217.00 -530.00 34962.00 8228.00 24102.00 -16675.00 -553.00 -53267.00 -12490.00 -11528.00 -2228.00 -7982.00 9778.00 5852.00 12831.00 15924.00 -11686.00 20086.00 -32628.00 12013.00 12941.00 1258.00 -11174.00 -12770.00 -25898.00 -19404.00 19007.00 22546.00 7679.00 8007.00 51063.00 6614.00 -41245.00 50798.00 15410.00 -2807.00 -8463.00 -39686.00 -24640.00 30411.00 -15987.00 32623.00 -29867.00 
-5070.00 -13679.00 21150.00 -25805.00 4823.00 21199.00 -4067.00 28195.00 -29670.00 46799.00 11644.00 -22419.00 -7626.00 -6989.00 -1880.00 9255.00 -13351.00 -16678.00 4466.00 21093.00 -7570.00 2883.00 -3454.00 -1642.00 13117.00 1051.00 -14532.00 10379.00 21253.00 24098.00 -12988.00 -39736.00 -14407.00 9113.00 -34651.00 56559.00 38129.00 23302.00 -19382.00 8661.00 33694.00 17418.00 -42521.00 -23926.00 -14485.00 -1508.00 -5113.00 -461.00 5173.00 16009.00 
-17135.00 7218.00 -10674.00 -5152.00 -14783.00 -5151.00 -10174.00 -934.00 13974.00 -18263.00 -7483.00 10399.00 -32535.00 -13255.00 -38614.00 30643.00 -4044.00 -15883.00 -5663.00 5272.00 -16499.00 20662.00 14341.00 -12330.00 5462.00 -21275.00 3974.00 18598.00 26763.00 -9485.00 -5086.00 23931.00 -24384.00 -934.00 -18103.00 -30034.00 14507.00 35177.00 -6811.00 34563.00 1760.00 7631.00 24752.00 -1275.00 -14885.00 18267.00 37516.00 -30950.00 14120.00 -27823.00 
-30071.00 -2126.00 5965.00 34893.00 23583.00 -6923.00 -31488.00 -659.00 11126.00 -25983.00 19087.00 7435.00 7632.00 38866.00 8286.00 -22828.00 12261.00 3320.00 -63279.00 -1631.00 21117.00 19245.00 14138.00 -13254.00 -12285.00 -6239.00 -12061.00 37112.00 21984.00 25201.00 -1043.00 -29792.00 1122.00 19068.00 29078.00 -25835.00 2728.00 23455.00 15467.00 15481.00 -2954.00 24477.00 10876.00 -16822.00 24212.00 -3221.00 3583.00 -16312.00 -27174.00 -2814.00 
-10791.00 22.00 34549.00 -28624.00 -2378.00 -8470.00 22943.00 -40714.00 4815.00 2263.00 3756.00 -2517.00 -13387.00 -17464.00 28861.00 33553.00 -16282.00 33538.00 -15015.00 -15024.00 -49124.00 8025.00 -13495.00 -18814.00 -22539.00 -48579.00 -9818.00 -12382.00 1218.00 -1385.00 4714.00 -25861.00 27242.00 13772.00 -20230.00 40414.00 12481.00 -32751.00 -2584.00 2618.00 -7300.00 50329.00 3798.00 14462.00 -19525.00 -20554.00 13486.00 9510.00 16834.00 16064.00 
72430.00 5271.00 -3770.00 -1276.00 9360.00 16984.00 -1812.00 32214.00 41558.00 -17601.00 -41084.00 3622.00 18449.00 -40170.00 -23620.00 31305.00 33438.00 -49843.00 28507.00 45853.00 -44526.00 -8060.00 18926.00 -10506.00 -8796.00 27887.00 17159.00 -8428.00 -3288.00 32099.00 -20338.00 27521.00 24496.00 -49478.00 7083.00 -46059.00 -16217.00 -25083.00 -26884.00 -35914.00 14138.00 -36934.00 -50726.00 -7167.00 3924.00 -33421.00 22914.00 15177.00 -9381.00 3442.00 
-5899.00 -14303.00 -2233.00 31931.00 4280.00 21513.00 23001.00 -8094.00 4245.00 27624.00 25537.00 -43700.00 -26887.00 22681.00 -5724.00 -19593.00 -7795.00 -7110.00 -709.00 38086.00 15053.00 -48297.00 -39754.00 17955.00 -4012.00 14383.00 40095.00 -25177.00 -797.00 -47777.00 13673.00 3720.00 4867.00 25901.00 906.00 1358.00 -12585.00 -160.00 6717.00 1577.00 17577.00 -29270.00 -10421.00 22991.00 11526.00 10344.00 -16232.00 -13959.00 -13861.00 20527.00 
29577.00 31106.00 -21824.00 -7025.00 -9757.00 -53476.00 -28832.00 -4929.00 -19413.00 42136.00 -21991.00 2560.00 24561.00 -44512.00 -4869.00 -28961.00 -20789.00 16707.00 -205.00 -22133.00 -16514.00 4061.00 -17876.00 -34256.00 26481.00 -41840.00 -4071.00 73063.00 -10692.00 -23034.00 -15450.00 35362.00 -22825.00 -27389.00 6642.00 -29231.00 -2800.00 22331.00 6965.00 -57308.00 62878.00 -28023.00 16616.00 -9934.00 -29325.00 -34210.00 10828.00 14183.00 19978.00 -16827.00 
6733.00 8058.00 997.00 -17084.00 22954.00 16950.00 19443.00 8056.00 -36528.00 -3380.00 -36093.00 -2434.00 -39182.00 5490.00 -7330.00 -30820.00 -24518.00 -46014.00 7785.00 2230.00 -7878.00 -29813.00 -636.00 2946.00 -8616.00 36322.00 -19910.00 -22538.00 -34376.00 39863.00 12646.00 -716.00 -16774.00 17684.00 12054.00 -4612.00 -17497.00 9520.00 -10634.00 3944.00 -5380.00 -15454.00 -26958.00 25254.00 33242.00 18447.00 26969.00 46047.00 28770.00 -1181.00 
-10959.00 -46718.00 10703.00 43425.00 -6936.00 -11991.00 3939.00 49248.00 33202.00 4117.00 -3828.00 -25104.00 -13051.00 6292.00 -9003.00 5328.00 -24305.00 23386.00 32808.00 2889.00 3540.00 -33938.00 4231.00 7080.00 -734.00 20232.00 43973.00 -30707.00 -3742.00 -27513.00 4080.00 62052.00 23240.00 -15951.00 13475.00 -57859.00 -59723.00 1882.00 -4920.00 26378.00 -21192.00 -18249.00 10457.00 -14851.00 3261.00 -10645.00 -8403.00 -39407.00 -2364.00 37160.00 
48694.00 -1865.00 32281.00 -32578.00 43854.00 9311.00 70389.00 -12996.00 322.00 40345.00 -13116.00 -60489.00 -30920.00 12685.00 29250.00 2990.00 -5892.00 36646.00 -1676.00 -11733.00 -476.00 -3013.00 4740.00 8623.00 -5658.00 16187.00 -4467.00 -43837.00 4675.00 14277.00 -46137.00 1851.00 6127.00 -19658.00 -37138.00 -6847.00 29575.00 -14544.00 -33501.00 -6378.00 -17001.00 1443.00 3906.00 -25158.00 -15978.00 -1461.00 5998.00 -271.00 -20035.00 11933.00 
22070.00 11408.00 25503.00 -35477.00 23456.00 9640.00 35790.00 -17689.00 -27364.00 33793.00 -231.00 24176.00 -44901.00 -34104.00 10233.00 3109.00 4788.00 5.00 -42219.00 37211.00 25301.00 -31266.00 10223.00 -17998.00 -13301.00 -314.00 23231.00 -25148.00 26117.00 -9436.00 -30786.00 -4767.00 8859.00 24256.00 13469.00 28493.00 9405.00 12024.00 -4940.00 -31688.00 -15504.00 -35116.00 -50026.00 23529.00 -5413.00 10041.00 10491.00 19961.00 -44405.00 29878.00 
34618.00 7324.00 4962.00 36025.00 -14220.00 -13954.00 -12269.00 23233.00 6344.00 2537.00 -33153.00 -2961.00 27770.00 -6652.00 -18250.00 -10451.00 -21892.00 28718.00 -3972.00 10828.00 -8465.00 -6292.00 -972.00 21375.00 -17967.00 3058.00 2801.00 -7885.00 3251.00 39871.00 -14218.00 -38258.00 5101.00 4258.00 -2080.00 -10777.00 4642.00 30853.00 -10985.00 -6495.00 10715.00 -5153.00 -34014.00 -2522.00 16443.00 5188.00 9330.00 4965.00 21916.00 29314.00 
-1155.00 -38314.00 31412.00 -2688.00 32745.00 -19499.00 7665.00 9799.00 7446.00 -27274.00 -19170.00 19519.00 20700.00 -26262.00 -1492.00 -2618.00 -24206.00 20541.00 8544.00 -26347.00 16438.00 16445.00 -11880.00 1072.00 13526.00 -3712.00 8513.00 10133.00 -4840.00 41266.00 22472.00 -3820.00 -21048.00 -15257.00 32047.00 11693.00 12152.00 8364.00 -18287.00 -1370.00 -28325.00 37260.00 26080.00 -7955.00 -45769.00 75.00 -19157.00 16033.00 14426.00 27283.00 
28075.00 42362.00 -30512.00 -894.00 -28379.00 20306.00 -15026.00 -4763.00 35108.00 -35952.00 12299.00 -20284.00 7983.00 -10276.00 -14488.00 28480.00 47918.00 -30984.00 19569.00 -3910.00 31533.00 -2814.00 -15006.00 32572.00 2965.00 13084.00 18530.00 -28644.00 -6241.00 -5720.00 8553.00 24946.00 32934.00 25608.00 -42631.00 -17253.00 -20055.00 -10224.00 1847.00 32468.00 -24572.00 -1942.00 -43959.00 3263.00 22374.00 21751.00 3656.00 -7344.00 -36692.00 -54848.00 
25214.00 -4380.00 -36709.00 1148.00 19113.00 1225.00 -16378.00 44341.00 11852.00 -18857.00 -11778.00 -60249.00 36523.00 17415.00 -12509.00 15896.00 -29844.00 -3720.00 11883.00 15853.00 -32593.00 517.00 26392.00 8977.00 -20468.00 18735.00 -1558.00 -15472.00 -6698.00 43695.00 15927.00 18822.00 -5337.00 30983.00 -32718.00 -51557.00 14142.00 23678.00 3952.00 -27471.00 7368.00 -14706.00 -16946.00 -16541.00 17996.00 52791.00 -23247.00 -27659.00 24415.00 22072.00 
-4030.00 -4819.00 -39005.00 -7163.00 1859.00 -20259.00 -9906.00 -18390.00 -26520.00 -4597.00 5928.00 -38772.00 53123.00 11902.00 2855.00 11792.00 -16247.00 3910.00 11217.00 -23901.00 12219.00 25064.00 -14693.00 -12318.00 23625.00 -22847.00 -28547.00 45298.00 12152.00 -21235.00 -13222.00 18143.00 -14080.00 -41846.00 -10293.00 -1049.00 28042.00 3083.00 -11326.00 -17700.00 27363.00 -1094.00 20358.00 -48960.00 -3121.00 -13765.00 -2629.00 2687.00 28158.00 -6543.00 
20256.00 5784.00 38157.00 12242.00 54808.00 43405.00 4199.00 30446.00 36946.00 18663.00 26408.00 -550.00 34975.00 -30130.00 14183.00 -3219.00 -44134.00 6509.00 33147.00 13061.00 -16373.00 15596.00 17806.00 11824.00 -3593.00 10907.00 -53061.00 8430.00 8700.00 9373.00 -6547.00 15380.00 7685.00 19797.00 34575.00 56579.00 34389.00 43182.00 -18463.00 -16405.00 24979.00 745.00 35902.00 39665.00 13636.00 7856.00 -42743.00 -9349.00 -11753.00 25733.00 
-32816.00 -14418.00 -18463.00 995.00 22079.00 -17585.00 30399.00 -65034.00 26484.00 11811.00 2384.00 -12921.00 2865.00 1198.00 16663.00 -26123.00 -3345.00 13555.00 -23433.00 20629.00 -15149.00 -11214.00 19047.00 -22034.00 -46907.00 -10946.00 -50047.00 -11680.00 -36596.00 -21829.00 -61765.00 2523.00 15873.00 40549.00 -257.00 41341.00 -29039.00 -9549.00 -7469.00 -7353.00 5112.00 41605.00 35820.00 10353.00 26695.00 -47279.00 -10699.00 -44046.00 5621.00 -27912.00 
-2629.00 23180.00 -23428.00 -12075.00 64152.00 -29771.00 -12454.00 -35395.00 -26092.00 -22315.00 -34082.00 8028.00 6111.00 9944.00 8378.00 -6980.00 -51199.00 10979.00 -35346.00 20539.00 -31075.00 7834.00 -24915.00 15767.00 -28082.00 2113.00 -4429.00 8004.00 -2510.00 1542.00 -20038.00 4345.00 -15058.00 -4087.00 -2535.00 19014.00 41873.00 19947.00 7333.00 -7243.00 -13638.00 -21031.00 13592.00 28824.00 12139.00 -1438.00 12314.00 27985.00 -1718.00 40032.00 
17609.00 -18305.00 38612.00 51453.00 4279.00 -16859.00 -22010.00 -14459.00 -6139.00 -1292.00 22538.00 -9193.00 -9326.00 26179.00 29988.00 -22934.00 1522.00 -74449.00 -15981.00 -7559.00 23713.00 3697.00 1079.00 -41948.00 3.00 21364.00 13155.00 -10456.00 30114.00 -28828.00 -8542.00 26069.00 19502.00 2148.00 48420.00 10635.00 -6752.00 -18676.00 -10931.00 -18957.00 -28050.00 -10982.00 -25417.00 -15209.00 40940.00 -21630.00 -33881.00 -4765.00 19082.00 -20265.00 
-2645.00 17950.00 -12842.00 22886.00 -5591.00 14477.00 18625.00 20143.00 13122.00 38227.00 -394.00 16861.00 -20816.00 6528.00 -29069.00 -21676.00 -17961.00 29642.00 17794.00 32984.00 26457.00 -29376.00 -7145.00 28436.00 14970.00 -9185.00 30524.00 9693.00 -25382.00 -44814.00 -29191.00 -20641.00 -25372.00 52167.00 -7590.00 -16272.00 27204.00 43267.00 -31051.00 24927.00 32481.00 -21866.00 -17933.00 16738.00 -17508.00 -15721.00 27731.00 -18589.00 -17511.00 -5127.00 
-43726.00 -27201.00 -26876.00 23475.00 26.00 -9113.00 27218.00 -26422.00 -1831.00 19061.00 17591.00 -3737.00 40880.00 22230.00 -6257.00 -25790.00 -20024.00 -5333.00 -14914.00 -528.00 -8050.00 -19494.00 -25522.00 -8193.00 2438.00 -1853.00 -22480.00 7829.00 -453.00 -10600.00 -10171.00 25389.00 30115.00 -8755.00 24829.00 7770.00 -28444.00 -6508.00 -14148.00 34814.00 -5404.00 20804.00 -5019.00 -16235.00 26671.00 -36003.00 -32736.00 -26728.00 27150.00 -3053.00 
-14185.00 -36108.00 -14160.00 -19839.00 -20204.00 -10278.00 37246.00 -1890.00 -5522.00 12176.00 18626.00 -17298.00 -16195.00 -35822.00 27781.00 -126.00 -11121.00 13690.00 23721.00 -45351.00 21007.00 -20200.00 -811.00 -41336.00 15142.00 3606.00 7252.00 22355.00 25586.00 -43177.00 28609.00 26196.00 -12121.00 30628.00 4190.00 13976.00 -4098.00 -4486.00 -23868.00 -5156.00 -6755.00 -2069.00 1380.00 6853.00 -795.00 16113.00 -14761.00 10758.00 -23430.00 29486.00 
92.00 -2207.00 -2730.00 -20655.00 -10490.00 -28066.00 6697.00 -2488.00 -6973.00 -6509.00 4899.00 -5019.00 -20473.00 -26123.00 -9359.00 9923.00 -30571.00 -12700.00 -5787.00 -4943.00 -13144.00 -5178.00 -17451.00 -6759.00 26283.00 -24135.00 14129.00 -20667.00 27931.00 15569.00 -3269.00 24878.00 15529.00 36980.00 -6063.00 -8281.00 5314.00 23369.00 -19944.00 17552.00 -22823.00 20644.00 -3275.00 17420.00 -55468.00 30291.00 32407.00 23463.00 -19327.00 5765.00 
-25457.00 15132.00 -7393.00 -9284.00 24948.00 -190.00 -5793.00 249.00 15731.00 -15120.00 -4093.00 43401.00 13783.00 -23435.00 -17661.00 47986.00 9445.00 -35571.00 -38031.00 34859.00 -16529.00 6351.00 33090.00 -13295.00 -35720.00 14611.00 -9685.00 -4841.00 21659.00 -5660.00 -14685.00 5486.00 19157.00 -7967.00 -1234.00 -12584.00 -51545.00 14248.00 -2576.00 3437.00 -6632.00 -14939.00 18753.00 24412.00 20781.00 13355.00 23668.00 14850.00 -35082.00 1902.00 
-634.00 24021.00 6113.00 -2673.00 16361.00 -42939.00 5686.00 -35010.00 -13207.00 -11547.00 -9872.00 51769.00 889.00 -39576.00 -4688.00 16512.00 -16906.00 -4444.00 -15163.00 7187.00 -19091.00 3335.00 -30601.00 -7201.00 -6687.00 -20950.00 -6475.00 15042.00 -14805.00 -23602.00 -16031.00 1305.00 16513.00 -47228.00 -5135.00 -3090.00 -26387.00 -15601.00 19578.00 -13196.00 -4214.00 -779.00 29624.00 -25423.00 3075.00 -20887.00 26970.00 629.00 -20686.00 -26219.00 
-50708.00 2401.00 5057.00 -30090.00 35742.00 -431.00 -6409.00 4037.00 -11222.00 37283.00 -30569.00 -3787.00 -1989.00 34316.00 24632.00 -26518.00 -27089.00 7436.00 -61075.00 44705.00 -7454.00 12035.00 6201.00 -14755.00 -29453.00 7269.00 -20534.00 10799.00 10996.00 24732.00 -16785.00 -15213.00 -26762.00 5018.00 7907.00 19405.00 37187.00 7465.00 -18999.00 34731.00 37413.00 327.00 23812.00 -11510.00 1209.00 -5030.00 24643.00 -3554.00 2807.00 17065.00 
-11067.00 40283.00 -22523.00 7005.00 -47121.00 1585.00 -29474.00 8184.00 -2400.00 -10655.00 -18769.00 -16023.00 -2574.00 17038.00 -24192.00 1342.00 -11687.00 5202.00 7451.00 -45847.00 9250.00 24905.00 29947.00 -39063.00 -12371.00 -9154.00 -30291.00 -4050.00 25955.00 26874.00 17475.00 10932.00 5094.00 -8626.00 10491.00 -21667.00 -37205.00 3032.00 30217.00 3661.00 -6240.00 20684.00 18135.00 -52368.00 12812.00 28931.00 34819.00 8961.00 -1303.00 -24972.00 
25789.00 26051.00 -12265.00 -9365.00 -22816.00 65818.00 39485.00 13298.00 -11434.00 -12315.00 -44724.00 27768.00 30013.00 -29060.00 -45802.00 43389.00 14045.00 2554.00 28546.00 23578.00 -4903.00 -9602.00 -7090.00 31836.00 18250.00 -28608.00 -39722.00 -18274.00 -39424.00 -11343.00 -6564.00 -35086.00 12997.00 -8284.00 -10728.00 26803.00 9065.00 -16059.00 15223.00 16384.00 7981.00 -4978.00 -15633.00 34317.00 -2901.00 -40177.00 43546.00 14014.00 -2398.00 -37379.00 
-5728.00 -11080.00 -23000.00 27004.00 25263.00 -7976.00 13653.00 -28841.00 9715.00 2215.00 9498.00 10633.00 24149.00 19812.00 18422.00 -2163.00 -7975.00 -9094.00 -7482.00 4369.00 -14371.00 1562.00 -934.00 13013.00 7181.00 13489.00 -18276.00 30687.00 349.00 -7982.00 -35067.00 -14781.00 -18594.00 18782.00 -7625.00 18246.00 29445.00 9715.00 -23690.00 1997.00 37785.00 7473.00 35001.00 25215.00 -2376.00 -18597.00 -25026.00 -475.00 -1385.00 5038.00 
-25064.00 -40060.00 -32662.00 -57456.00 -2241.00 -9693.00 1702.00 -5163.00 -2069.00 12568.00 -10338.00 -43770.00 35380.00 3961.00 19723.00 20454.00 -18741.00 -18737.00 3313.00 -16132.00 -10129.00 6995.00 48008.00 -26797.00 6083.00 15647.00 -45517.00 23611.00 -25489.00 -57081.00 21630.00 3329.00 -32318.00 38044.00 -28502.00 -4463.00 -12355.00 -9690.00 -30678.00 -12561.00 22923.00 -10567.00 6008.00 15889.00 6911.00 -28991.00 2795.00 -27079.00 44340.00 4097.00 
3972.00 14637.00 6319.00 -30696.00 -10921.00 13768.00 14051.00 -19841.00 29801.00 33028.00 -11557.00 -265.00 7786.00 7385.00 -6903.00 -15799.00 56002.00 17335.00 30393.00 -15596.00 -1206.00 -26526.00 -12468.00 8626.00 8785.00 -1136.00 9540.00 -17290.00 -1178.00 -32627.00 144.00 15257.00 -10779.00 -49533.00 -15675.00 18683.00 10789.00 -6814.00 14241.00 27018.00 -14551.00 -32189.00 -2615.00 -18811.00 40067.00 9411.00 -61680.00 -23932.00 -44228.00 -41562.00 
-70405.00 26603.00 -39151.00 -42460.00 31294.00 4978.00 15832.00 -8552.00 29999.00 -14560.00 -14707.00 -7652.00 13041.00 7018.00 -44676.00 -15099.00 -955.00 -24630.00 -6996.00 24212.00 -56937.00 -7973.00 21948.00 27379.00 -23198.00 16318.00 -53957.00 -13595.00 15050.00 31100.00 286.00 65137.00 21440.00 -72384.00 -5825.00 -20528.00 -5199.00 13355.00 -18041.00 37924.00 -52688.00 22267.00 -4799.00 -21130.00 52118.00 39507.00 8932.00 -30667.00 -18117.00 -20894.00 
6985.00 -27374.00 13662.00 -6110.00 -8895.00 2711.00 27187.00 12751.00 46128.00 -7752.00 23128.00 63944.00 12504.00 -34662.00 4999.00 -10159.00 43997.00 29945.00 782.00 13309.00 17389.00 34200.00 33910.00 -8348.00 29788.00 19795.00 -18629.00 44749.00 2677.00 -23398.00 -35276.00 -14998.00 3672.00 53931.00 21681.00 57472.00 -5419.00 -18104.00 28550.00 -30749.00 -358.00 19717.00 -14582.00 36718.00 -33266.00 -36146.00 -2712.00 -21147.00 -24869.00 -14319.00 
-22657.00 -27693.00 7669.00 24771.00 -51616.00 2112.00 -6577.00 5581.00 -17718.00 12571.00 -10444.00 29915.00 -7103.00 37257.00 2978.00 12785.00 19119.00 -26199.00 20587.00 -34657.00 -7443.00 -22478.00 30469.00 -5150.00 21519.00 -6732.00 19766.00 -2237.00 -5140.00 -1468.00 4299.00 1151.00 -21871.00 -12107.00 1175.00 6752.00 12353.00 -11353.00 -38720.00 28801.00 -5948.00 10766.00 -33476.00 -36519.00 13399.00 5433.00 -29103.00 -2490.00 36601.00 -10439.00 
-14186.00 -14993.00 19181.00 191.00 -18522.00 7783.00 -11819.00 51099.00 -27258.00 -12059.00 9329.00 3829.00 -7980.00 -4322.00 27913.00 -24567.00 7398.00 -15709.00 29519.00 -15587.00 -20913.00 -22565.00 -6185.00 -15731.00 7108.00 4014.00 5949.00 15043.00 26805.00 23434.00 25607.00 -828.00 -8286.00 -34163.00 24426.00 -11808.00 38470.00 -34983.00 -3968.00 -21130.00 -2742.00 -31673.00 -11156.00 -25270.00 8907.00 1948.00 -21363.00 46333.00 16335.00 52666.00 
Volume: 250000
